<TICKER>,<PER>,<DATE>,<TIME>,<OPEN>,<HIGH>,<LOW>,<CLOSE>
AFLT,D,040116,000000,55.7600000,56.4100000,55.4700000,56.2000000
AFLT,D,050116,000000,56.0800000,56.3200000,54.4500000,54.4500000
AFLT,D,060116,000000,54.5100000,54.5700000,53.2400000,54.0500000
AFLT,D,110116,000000,53.4000000,53.4100000,51.5200000,52.0600000
AFLT,D,120116,000000,51.8900000,53.3000000,51.0000000,53.2500000
AFLT,D,130116,000000,53.1300000,55.3200000,53.1300000,55.0000000
AFLT,D,140116,000000,54.8400000,54.8700000,52.8200000,53.6000000
AFLT,D,150116,000000,53.1100000,54.7500000,51.0000000,51.9800000
AFLT,D,180116,000000,51.5500000,52.2800000,50.2000000,50.4000000
AFLT,D,190116,000000,51.0000000,53.1000000,50.9400000,52.0600000
AFLT,D,200116,000000,51.8500000,52.3200000,50.7300000,52.0000000
AFLT,D,210116,000000,52.0300000,53.0000000,50.7900000,50.9900000
AFLT,D,220116,000000,52.3000000,52.8700000,51.2100000,52.0300000
AFLT,D,250116,000000,52.6000000,52.6700000,50.8000000,51.1000000
AFLT,D,260116,000000,50.9000000,51.4800000,50.5400000,51.2800000
AFLT,D,270116,000000,51.4900000,51.6000000,50.6000000,50.9900000
AFLT,D,280116,000000,51.0400000,51.4300000,50.0800000,50.8900000
AFLT,D,290116,000000,51.0100000,51.1700000,50.2700000,50.5000000
AFLT,D,010216,000000,50.9000000,55.2400000,50.7200000,54.7700000
AFLT,D,020216,000000,54.5000000,55.8900000,53.1500000,54.1000000
AFLT,D,030216,000000,53.8800000,55.2500000,53.2900000,53.8400000
AFLT,D,040216,000000,54.1900000,55.0500000,53.8500000,54.8900000
AFLT,D,050216,000000,54.6100000,57.3000000,54.5300000,57.3000000
AFLT,D,080216,000000,57.3000000,58.6500000,56.0000000,57.3500000
AFLT,D,090216,000000,57.5000000,57.9300000,55.2000000,56.6600000
AFLT,D,100216,000000,56.4600000,56.8000000,55.0200000,55.8000000
AFLT,D,110216,000000,55.5600000,56.0000000,52.8200000,53.6400000
AFLT,D,120216,000000,53.9000000,54.8200000,53.7500000,54.4100000
AFLT,D,150216,000000,54.8500000,55.6400000,53.8400000,53.8800000
AFLT,D,160216,000000,54.0600000,54.9600000,53.8500000,54.1300000
AFLT,D,170216,000000,54.4000000,54.8900000,53.5900000,53.5900000
AFLT,D,180216,000000,54.0000000,54.8000000,53.7000000,54.1500000
AFLT,D,190216,000000,54.1500000,54.2700000,53.0400000,53.3200000
AFLT,D,200216,000000,53.4000000,53.5000000,53.2300000,53.4000000
AFLT,D,220216,000000,53.7700000,54.8000000,53.4000000,54.8000000
AFLT,D,240216,000000,54.1000000,54.4000000,53.5100000,53.7000000
AFLT,D,250216,000000,53.8900000,54.3900000,53.1000000,54.0500000
AFLT,D,260216,000000,54.3300000,55.8000000,54.0900000,55.3500000
AFLT,D,290216,000000,55.3500000,57.6900000,54.8100000,57.1000000
AFLT,D,010316,000000,57.2000000,61.3700000,57.1000000,61.1900000
AFLT,D,020316,000000,61.5300000,62.9900000,60.7000000,61.1000000
AFLT,D,030316,000000,61.2400000,62.1700000,60.6100000,61.6100000
AFLT,D,040316,000000,61.7600000,65.6000000,61.7200000,65.4900000
AFLT,D,070316,000000,65.7500000,68.4600000,65.0900000,65.9400000
AFLT,D,090316,000000,65.8700000,66.9600000,62.4500000,62.4500000
AFLT,D,100316,000000,62.6000000,64.6200000,62.6000000,63.7700000
AFLT,D,110316,000000,64.2500000,66.2100000,63.7000000,64.7700000
AFLT,D,140316,000000,65.0000000,65.6100000,63.0100000,65.5500000
AFLT,D,150316,000000,65.4800000,67.5000000,65.4800000,66.3000000
AFLT,D,160316,000000,66.9200000,69.9800000,66.4000000,69.9800000
AFLT,D,170316,000000,70.2000000,72.0000000,69.3300000,70.1900000
AFLT,D,180316,000000,70.8800000,71.4900000,69.4000000,70.5100000
AFLT,D,210316,000000,70.7100000,74.1700000,70.1200000,73.5300000
AFLT,D,220316,000000,74.0800000,74.8500000,72.0800000,72.2900000
AFLT,D,230316,000000,73.1300000,73.9500000,72.7000000,72.9400000
AFLT,D,240316,000000,72.9000000,73.7600000,71.5400000,73.7600000
AFLT,D,250316,000000,73.9600000,74.8000000,72.7500000,73.2100000
AFLT,D,280316,000000,73.5900000,73.7900000,72.2500000,72.6000000
AFLT,D,290316,000000,72.7500000,74.1400000,72.0100000,73.6900000
AFLT,D,300316,000000,74.0600000,74.2700000,73.0500000,74.1000000
AFLT,D,310316,000000,74.1000000,74.5000000,73.3100000,74.4800000
AFLT,D,010416,000000,74.2500000,76.3200000,73.7200000,74.5500000
AFLT,D,040416,000000,74.8600000,75.5900000,74.4700000,74.6500000
AFLT,D,050416,000000,74.6500000,75.4700000,73.1100000,75.4000000
AFLT,D,060416,000000,75.3000000,79.9900000,75.2700000,79.1400000
AFLT,D,070416,000000,78.8500000,79.9100000,76.8900000,78.0000000
AFLT,D,080416,000000,78.0000000,80.0000000,77.5500000,79.0000000
AFLT,D,110416,000000,79.3900000,82.4400000,79.0100000,82.2000000
AFLT,D,120416,000000,82.2200000,83.7100000,77.6900000,79.3200000
AFLT,D,130416,000000,79.5500000,80.2600000,77.8300000,78.5500000
AFLT,D,140416,000000,78.3100000,79.1900000,77.0100000,78.6300000
AFLT,D,150416,000000,77.9400000,79.5000000,77.6100000,78.0000000
AFLT,D,180416,000000,77.0900000,77.9200000,76.2100000,76.6800000
AFLT,D,190416,000000,77.1900000,80.4800000,77.1000000,77.6200000
AFLT,D,200416,000000,77.9100000,78.6400000,76.7000000,77.2600000
AFLT,D,210416,000000,78.0000000,78.6900000,74.2000000,74.8000000
AFLT,D,220416,000000,75.1500000,78.2800000,75.0500000,78.2100000
AFLT,D,250416,000000,78.2100000,78.5900000,76.1100000,76.2800000
AFLT,D,260416,000000,76.2500000,76.5900000,75.1600000,75.1600000
AFLT,D,270416,000000,75.3000000,76.5300000,74.8000000,75.0000000
AFLT,D,280416,000000,75.3000000,76.1900000,74.9600000,76.0400000
AFLT,D,290416,000000,76.2800000,77.4800000,75.9400000,77.4800000
AFLT,D,040516,000000,77.0500000,77.8700000,76.1000000,76.8900000
AFLT,D,050516,000000,77.6000000,78.5000000,77.2500000,78.4000000
AFLT,D,060516,000000,78.3400000,79.3700000,77.5500000,78.5000000
AFLT,D,100516,000000,78.1100000,80.6800000,78.1100000,79.8700000
AFLT,D,110516,000000,79.4700000,80.7500000,78.7800000,78.9000000
AFLT,D,120516,000000,79.0100000,81.3800000,78.7700000,81.0000000
AFLT,D,130516,000000,80.6000000,81.3400000,80.0200000,80.5100000
AFLT,D,160516,000000,80.6300000,82.0500000,80.5200000,81.8000000
AFLT,D,170516,000000,82.0200000,82.4100000,79.8000000,80.5600000
AFLT,D,180516,000000,80.3100000,80.7800000,78.0000000,78.6900000
AFLT,D,190516,000000,78.0600000,79.6700000,77.3200000,78.1000000
AFLT,D,200516,000000,78.0500000,79.5000000,77.6900000,78.8000000
AFLT,D,230516,000000,78.5000000,81.7200000,78.3800000,81.1800000
AFLT,D,240516,000000,80.8800000,81.7000000,80.3500000,81.5000000
AFLT,D,250516,000000,81.1000000,82.2400000,80.5000000,80.6000000
AFLT,D,260516,000000,80.7400000,82.9400000,80.7100000,82.6800000
AFLT,D,270516,000000,82.1400000,83.0000000,80.6400000,81.0000000
AFLT,D,300516,000000,81.5000000,81.9600000,80.8400000,81.0100000
AFLT,D,310516,000000,81.0200000,82.5800000,80.8000000,81.7000000
AFLT,D,010616,000000,82.5900000,85.5400000,81.3600000,83.0000000
AFLT,D,020616,000000,83.2900000,84.6200000,82.9900000,84.4000000
AFLT,D,030616,000000,84.4100000,88.4700000,84.4100000,88.2000000
AFLT,D,060616,000000,88.4700000,90.7200000,86.8500000,87.9200000
AFLT,D,070616,000000,87.5700000,88.3600000,84.3500000,86.5300000
AFLT,D,080616,000000,86.5100000,88.8000000,83.1100000,84.0400000
AFLT,D,090616,000000,84.8000000,86.2500000,83.7500000,85.0000000
AFLT,D,100616,000000,84.6100000,84.8600000,83.2500000,83.9200000
AFLT,D,140616,000000,82.9200000,84.9900000,82.4700000,83.9900000
AFLT,D,150616,000000,83.8400000,85.9300000,83.7200000,84.4700000
AFLT,D,160616,000000,84.9400000,87.6900000,84.2100000,87.0000000
AFLT,D,170616,000000,87.0800000,87.8000000,84.7000000,84.7000000
AFLT,D,200616,000000,85.0900000,86.4000000,85.0000000,85.9000000
AFLT,D,210616,000000,85.8000000,86.1200000,83.4500000,83.5200000
AFLT,D,220616,000000,84.3000000,85.9900000,83.0000000,84.1700000
AFLT,D,230616,000000,84.2300000,85.7800000,83.2900000,85.7000000
AFLT,D,240616,000000,83.8500000,84.7600000,81.3000000,83.4200000
AFLT,D,270616,000000,83.4400000,84.6000000,79.5200000,83.0000000
AFLT,D,280616,000000,83.4000000,83.5500000,80.4300000,81.2000000
AFLT,D,290616,000000,81.0400000,83.4200000,80.5200000,83.4100000
AFLT,D,300616,000000,83.4400000,85.9400000,82.5700000,85.5000000
AFLT,D,010716,000000,85.1100000,87.1800000,84.3200000,86.0100000
AFLT,D,040716,000000,86.4700000,87.4100000,84.9000000,85.1700000
AFLT,D,050716,000000,85.3100000,86.5000000,84.9200000,86.4800000
AFLT,D,060716,000000,86.5000000,86.9700000,85.1200000,86.4500000
AFLT,D,070716,000000,86.6000000,87.4400000,86.2800000,87.4400000
AFLT,D,080716,000000,86.5600000,89.7800000,86.0600000,89.0000000
AFLT,D,110716,000000,88.8100000,89.9800000,87.1700000,87.7300000
AFLT,D,120716,000000,87.8800000,89.7900000,87.6200000,89.7900000
AFLT,D,130716,000000,89.0100000,90.4700000,89.0000000,90.4600000
AFLT,D,140716,000000,90.2200000,91.3700000,87.7800000,87.7800000
AFLT,D,150716,000000,87.7900000,88.1100000,86.3400000,87.1800000
AFLT,D,180716,000000,88.2500000,88.4800000,86.8100000,86.9000000
AFLT,D,190716,000000,87.5900000,88.3800000,86.3900000,87.5800000
AFLT,D,200716,000000,87.3300000,88.3300000,86.8000000,86.8600000
AFLT,D,210716,000000,87.4900000,87.9100000,84.8000000,85.2000000
AFLT,D,220716,000000,85.2300000,87.4000000,85.0000000,86.8800000
AFLT,D,250716,000000,87.5000000,87.7400000,85.9100000,86.6000000
AFLT,D,260716,000000,87.0000000,87.1500000,86.1000000,86.1000000
AFLT,D,270716,000000,86.2100000,86.5000000,85.1000000,85.4000000
AFLT,D,280716,000000,86.1000000,87.0800000,85.5000000,86.0800000
AFLT,D,290716,000000,86.1000000,86.9800000,84.5100000,85.7000000
AFLT,D,010816,000000,85.7500000,86.9000000,85.6200000,86.2500000
AFLT,D,020816,000000,86.4300000,86.6100000,85.2700000,86.0000000
AFLT,D,030816,000000,86.0400000,86.7600000,85.0200000,86.5000000
AFLT,D,040816,000000,86.3700000,87.0400000,85.5700000,86.5500000
AFLT,D,050816,000000,86.7200000,87.1500000,86.0200000,87.0000000
AFLT,D,080816,000000,87.2000000,87.8300000,85.0500000,86.0000000
AFLT,D,090816,000000,86.0100000,86.2300000,85.3000000,86.0000000
AFLT,D,100816,000000,86.4000000,86.4000000,85.2000000,85.4500000
AFLT,D,110816,000000,85.4000000,86.1000000,85.2000000,85.5000000
AFLT,D,120816,000000,85.9000000,86.3500000,85.6000000,85.7900000
AFLT,D,150816,000000,86.0000000,86.1700000,85.0400000,85.2500000
AFLT,D,160816,000000,85.1200000,85.4200000,83.5400000,83.6000000
AFLT,D,170816,000000,83.5700000,84.0000000,81.1500000,82.3700000
AFLT,D,180816,000000,82.5500000,83.6000000,81.8600000,83.3900000
AFLT,D,190816,000000,83.4400000,83.5800000,82.3000000,83.2500000
AFLT,D,220816,000000,83.2500000,83.2500000,82.3000000,82.9500000
AFLT,D,230816,000000,83.4000000,86.1000000,82.7600000,85.1800000
AFLT,D,240816,000000,85.6000000,88.9900000,85.0800000,88.2300000
AFLT,D,250816,000000,88.3800000,90.9900000,87.6600000,90.9900000
AFLT,D,260816,000000,91.0000000,94.4300000,90.9900000,94.0000000
AFLT,D,290816,000000,94.0100000,95.0000000,91.8000000,94.2000000
AFLT,D,300816,000000,94.6900000,100.0000000,94.6500000,99.0000000
AFLT,D,310816,000000,99.0000000,101.0000000,98.2500000,98.6500000
AFLT,D,010916,000000,98.9000000,100.4000000,98.6600000,100.2700000
AFLT,D,020916,000000,100.5700000,101.9800000,99.6100000,101.9500000
AFLT,D,050916,000000,102.2300000,104.7800000,102.2200000,104.7000000
AFLT,D,060916,000000,105.0000000,105.0000000,102.6600000,103.9700000
AFLT,D,070916,000000,104.0000000,108.1800000,103.4100000,107.3500000
AFLT,D,080916,000000,108.1600000,109.7900000,104.8300000,105.9800000
AFLT,D,090916,000000,105.5400000,106.4600000,102.8300000,103.8000000
AFLT,D,120916,000000,103.0000000,106.2000000,102.0800000,106.0000000
AFLT,D,130916,000000,106.5000000,107.0500000,104.0000000,104.0300000
AFLT,D,140916,000000,104.0300000,105.6400000,101.3900000,103.0700000
AFLT,D,150916,000000,103.4600000,106.0600000,102.6500000,104.5100000
AFLT,D,160916,000000,104.8300000,105.0600000,103.0800000,104.2000000
AFLT,D,190916,000000,104.9500000,108.2000000,104.3100000,107.5300000
AFLT,D,200916,000000,107.1700000,108.9500000,106.0000000,108.0900000
AFLT,D,210916,000000,108.4000000,112.1000000,108.4000000,111.5000000
AFLT,D,220916,000000,112.2000000,115.0000000,111.2000000,113.0000000
AFLT,D,230916,000000,112.7900000,115.7400000,112.6100000,114.2500000
AFLT,D,260916,000000,114.4900000,117.3500000,112.6500000,117.0000000
AFLT,D,270916,000000,116.8900000,118.6500000,116.3000000,117.0000000
AFLT,D,280916,000000,117.0000000,117.5800000,114.2100000,116.0000000
AFLT,D,290916,000000,117.0700000,118.9300000,115.2700000,117.4900000
AFLT,D,300916,000000,117.0600000,119.0000000,116.1400000,116.9300000
AFLT,D,031016,000000,116.9400000,119.5600000,116.2300000,119.2000000
AFLT,D,041016,000000,119.0000000,122.4000000,118.4600000,122.4000000
AFLT,D,051016,000000,123.0500000,125.5000000,120.0800000,121.2000000
AFLT,D,061016,000000,121.4500000,123.1300000,120.0000000,122.0000000
AFLT,D,071016,000000,121.9600000,122.2200000,118.5000000,118.7700000
AFLT,D,101016,000000,118.7700000,119.2000000,115.6000000,115.8000000
AFLT,D,111016,000000,116.0000000,122.0000000,115.5400000,121.9000000
AFLT,D,121016,000000,122.0000000,122.4200000,118.7500000,119.4000000
AFLT,D,131016,000000,119.8900000,120.3600000,116.0000000,116.4500000
AFLT,D,141016,000000,116.7000000,118.3000000,114.5000000,116.0000000
AFLT,D,171016,000000,116.0000000,119.0500000,115.3400000,118.9200000
AFLT,D,181016,000000,119.5000000,120.3200000,116.2000000,118.0700000
AFLT,D,191016,000000,118.7000000,120.2900000,117.6900000,120.2200000
AFLT,D,201016,000000,120.0600000,124.7800000,119.2700000,124.0000000
AFLT,D,211016,000000,123.7700000,127.0500000,122.9000000,126.6900000
AFLT,D,241016,000000,127.2000000,130.8400000,125.7000000,129.9900000
AFLT,D,251016,000000,130.0900000,131.5000000,127.2500000,128.6700000
AFLT,D,261016,000000,128.6500000,130.9800000,127.7700000,128.1200000
AFLT,D,271016,000000,128.1000000,129.3000000,125.1000000,126.0000000
AFLT,D,281016,000000,126.0000000,130.0000000,125.0500000,129.1900000
AFLT,D,311016,000000,129.7100000,130.6000000,127.5300000,129.9500000
AFLT,D,011116,000000,130.1500000,135.3300000,128.8000000,134.0400000
AFLT,D,021116,000000,134.0000000,136.5700000,130.0100000,135.3000000
AFLT,D,031116,000000,134.9800000,136.9000000,130.8500000,130.8500000
AFLT,D,071116,000000,131.4300000,133.1000000,127.1000000,128.0000000
AFLT,D,081116,000000,128.9800000,128.9900000,125.1000000,125.1500000
AFLT,D,091116,000000,123.0000000,130.1600000,121.7500000,129.1000000
AFLT,D,101116,000000,129.9900000,130.8800000,127.3000000,128.9000000
AFLT,D,111116,000000,128.7900000,131.0000000,125.8700000,129.6000000
AFLT,D,141116,000000,130.0000000,132.4500000,127.2600000,129.5000000
AFLT,D,151116,000000,129.9400000,130.6500000,128.6200000,130.0000000
AFLT,D,161116,000000,129.4800000,130.3000000,129.0400000,129.9900000
AFLT,D,171116,000000,129.9800000,130.1900000,128.0400000,128.8000000
AFLT,D,181116,000000,128.9900000,129.9100000,127.6600000,129.9100000
AFLT,D,211116,000000,130.9400000,131.2000000,129.5500000,130.1900000
AFLT,D,221116,000000,130.8800000,130.8900000,129.2000000,129.2000000
AFLT,D,231116,000000,129.7200000,132.2900000,129.1300000,130.8600000
AFLT,D,241116,000000,130.6500000,132.9700000,130.1300000,130.8600000
AFLT,D,251116,000000,131.7000000,131.7900000,129.3500000,130.0000000
AFLT,D,281116,000000,130.3600000,132.2000000,129.5000000,130.1600000
AFLT,D,291116,000000,130.1500000,133.5000000,130.0100000,131.7400000
AFLT,D,301116,000000,132.9700000,141.9000000,132.3100000,134.8300000
AFLT,D,011216,000000,135.9700000,138.3600000,135.0500000,135.7000000
AFLT,D,021216,000000,136.0700000,136.7000000,134.6100000,135.9000000
AFLT,D,051216,000000,136.3900000,139.9000000,135.0000000,139.0000000
AFLT,D,061216,000000,139.5100000,141.0000000,137.7400000,139.5000000
AFLT,D,071216,000000,139.6900000,143.8500000,138.3900000,141.9000000
AFLT,D,081216,000000,142.7000000,146.5800000,142.1300000,146.5800000
AFLT,D,091216,000000,146.0000000,149.2000000,145.9500000,147.6800000
AFLT,D,121216,000000,152.8700000,154.9000000,148.5300000,150.2000000
AFLT,D,131216,000000,150.1900000,152.7400000,148.4700000,152.6000000
AFLT,D,141216,000000,150.9500000,153.7400000,146.1000000,146.2000000
AFLT,D,151216,000000,146.5000000,151.4300000,146.3600000,150.5100000
AFLT,D,161216,000000,150.5800000,153.8800000,149.6300000,149.8000000
AFLT,D,191216,000000,150.2500000,152.1900000,148.8200000,148.8200000
AFLT,D,201216,000000,149.0500000,158.2400000,147.2200000,157.8400000
AFLT,D,211216,000000,157.4200000,162.0900000,157.0200000,158.3600000
AFLT,D,221216,000000,158.6000000,159.7600000,155.5900000,155.6300000
AFLT,D,231216,000000,155.4000000,158.0000000,152.6500000,153.3000000
AFLT,D,261216,000000,153.4100000,156.3600000,151.5600000,153.8000000
AFLT,D,271216,000000,155.2300000,155.2300000,151.7700000,152.9900000
AFLT,D,281216,000000,152.8000000,154.1100000,150.9000000,152.9800000
AFLT,D,291216,000000,152.5100000,153.4400000,151.0500000,152.0000000
AFLT,D,301216,000000,152.2000000,153.7100000,152.0100000,152.8500000
AFLT,D,030117,000000,153.9800000,157.9500000,151.3300000,151.6800000
AFLT,D,040117,000000,152.7900000,153.2700000,148.0100000,148.4000000
AFLT,D,050117,000000,149.1700000,150.0400000,148.0100000,148.0100000
AFLT,D,060117,000000,148.5300000,148.6900000,146.1600000,146.3100000
AFLT,D,090117,000000,147.0200000,149.7000000,143.0300000,143.1300000
AFLT,D,100117,000000,143.2500000,148.6400000,140.0000000,148.0700000
AFLT,D,110117,000000,148.1100000,150.4800000,145.2300000,147.0300000
AFLT,D,120117,000000,147.5000000,157.9100000,145.7100000,157.9100000
AFLT,D,130117,000000,157.4900000,161.6000000,154.7800000,156.9000000
AFLT,D,160117,000000,157.4900000,160.4500000,155.2200000,159.0100000
AFLT,D,170117,000000,159.7700000,160.0000000,156.5600000,158.6300000
AFLT,D,180117,000000,159.3000000,164.9500000,158.2900000,163.5400000
AFLT,D,190117,000000,162.9900000,164.3300000,158.7200000,160.8500000
AFLT,D,200117,000000,160.0000000,162.8300000,158.0200000,160.5000000
AFLT,D,230117,000000,160.5000000,161.3600000,158.7100000,160.2000000
AFLT,D,240117,000000,159.0200000,161.6500000,159.0200000,161.4000000
AFLT,D,250117,000000,161.2700000,166.9300000,160.9600000,166.7100000
AFLT,D,260117,000000,166.6600000,169.1300000,165.0900000,165.5000000
AFLT,D,270117,000000,165.5000000,168.5000000,165.0500000,168.5000000
AFLT,D,300117,000000,168.4900000,172.0000000,167.3100000,170.9000000
AFLT,D,310117,000000,171.2000000,174.1700000,171.0000000,174.1700000
AFLT,D,010217,000000,174.2500000,175.4000000,171.5500000,175.0000000
AFLT,D,020217,000000,175.3000000,178.1000000,174.4500000,176.9000000
AFLT,D,030217,000000,177.1000000,179.5000000,173.1500000,178.5000000
AFLT,D,060217,000000,178.5500000,179.8000000,175.6000000,179.0000000
AFLT,D,070217,000000,177.3500000,177.6000000,170.2500000,173.5000000
AFLT,D,080217,000000,172.8000000,173.8500000,170.7500000,172.0000000
AFLT,D,090217,000000,172.5000000,178.5000000,172.0000000,178.5000000
AFLT,D,100217,000000,178.0500000,179.9000000,176.6500000,179.5000000
AFLT,D,130217,000000,179.4500000,180.0000000,176.2500000,177.4000000
AFLT,D,140217,000000,177.4500000,179.5000000,173.7500000,175.2000000
AFLT,D,150217,000000,174.9500000,174.9500000,171.1000000,172.8500000
AFLT,D,160217,000000,172.9500000,173.7500000,171.0000000,171.2000000
AFLT,D,170217,000000,171.3500000,175.0000000,171.3500000,173.1000000
AFLT,D,200217,000000,173.2500000,174.2500000,171.0000000,171.2500000
AFLT,D,210217,000000,171.0000000,172.6000000,167.0500000,170.9000000
AFLT,D,220217,000000,171.3000000,171.6000000,168.0000000,168.2500000
AFLT,D,240217,000000,168.4000000,169.2000000,165.2500000,167.0000000
AFLT,D,270217,000000,167.0000000,168.2500000,163.0000000,165.0500000
AFLT,D,280217,000000,165.0500000,167.0000000,160.5000000,165.2000000
AFLT,D,010317,000000,165.9500000,177.4000000,165.4500000,177.3500000
AFLT,D,020317,000000,177.2000000,181.9000000,172.0500000,174.0000000
AFLT,D,030317,000000,173.9000000,174.0000000,168.8500000,168.8500000
AFLT,D,060317,000000,169.1000000,172.0000000,166.8000000,167.1000000
AFLT,D,070317,000000,167.4000000,167.8000000,159.3000000,161.1500000
AFLT,D,090317,000000,162.0500000,162.6500000,151.0500000,152.6500000
AFLT,D,100317,000000,153.0000000,155.6500000,148.4000000,149.2000000
AFLT,D,130317,000000,149.4000000,157.6000000,146.3500000,157.4000000
AFLT,D,140317,000000,157.8500000,159.3000000,153.3000000,154.6000000
AFLT,D,150317,000000,155.9000000,156.7500000,152.7000000,153.1000000
AFLT,D,160317,000000,154.2500000,159.9500000,154.2500000,159.4000000
AFLT,D,170317,000000,158.7500000,162.2500000,158.0000000,161.5500000
AFLT,D,200317,000000,161.4500000,161.9500000,157.5500000,159.3000000
AFLT,D,210317,000000,159.9500000,161.5500000,158.5500000,159.0000000
AFLT,D,220317,000000,158.1000000,165.2500000,157.0000000,164.2500000
AFLT,D,230317,000000,165.0000000,167.3000000,162.1500000,165.4500000
AFLT,D,240317,000000,166.8500000,169.4000000,164.7000000,167.6000000
AFLT,D,270317,000000,167.0000000,167.0000000,163.4500000,165.0000000
AFLT,D,280317,000000,165.0000000,167.2000000,164.7000000,165.6500000
AFLT,D,290317,000000,166.9000000,168.8000000,166.2500000,166.2500000
AFLT,D,300317,000000,167.3000000,169.4000000,166.5000000,168.8000000
AFLT,D,310317,000000,168.9000000,171.0000000,167.6000000,168.0000000
AFLT,D,030417,000000,168.6500000,170.6000000,167.1500000,168.3000000
AFLT,D,040417,000000,168.8500000,169.9500000,168.2000000,168.7000000
AFLT,D,050417,000000,169.2000000,174.9500000,169.2000000,174.9500000
AFLT,D,060417,000000,174.4500000,177.8000000,174.1500000,177.5000000
AFLT,D,070417,000000,176.0500000,176.3000000,170.4000000,171.9000000
AFLT,D,100417,000000,171.0000000,171.7000000,163.0500000,163.5500000
AFLT,D,110417,000000,162.2500000,169.3000000,160.7500000,166.3500000
AFLT,D,120417,000000,166.8000000,169.0500000,162.5000000,164.2000000
AFLT,D,130417,000000,165.2000000,167.6000000,160.1000000,166.3000000
AFLT,D,140417,000000,166.3500000,166.6500000,161.7000000,161.7500000
AFLT,D,170417,000000,161.1500000,163.8500000,160.3000000,163.8000000
AFLT,D,180417,000000,163.8000000,166.8000000,161.3500000,163.0500000
AFLT,D,190417,000000,163.6500000,164.7500000,161.5000000,162.0500000
AFLT,D,200417,000000,162.3000000,164.3000000,161.5500000,163.5000000
AFLT,D,210417,000000,164.1000000,168.2000000,164.1000000,167.3500000
AFLT,D,240417,000000,168.3500000,171.8500000,168.3500000,171.8500000
AFLT,D,250417,000000,172.2000000,176.4500000,171.0500000,176.4500000
AFLT,D,260417,000000,177.0000000,179.9500000,175.8500000,179.9500000
AFLT,D,270417,000000,178.5000000,179.4000000,173.6000000,175.8500000
AFLT,D,280417,000000,176.9500000,178.9000000,175.4500000,175.7500000
AFLT,D,020517,000000,175.3000000,184.4000000,175.3000000,180.0000000
AFLT,D,030517,000000,179.0000000,182.3000000,178.1000000,181.2500000
AFLT,D,040517,000000,180.5000000,185.4500000,179.0500000,183.1500000
AFLT,D,050517,000000,181.8000000,188.9500000,180.2500000,187.6000000
AFLT,D,100517,000000,187.8000000,191.2000000,185.6000000,189.8000000
AFLT,D,110517,000000,189.4500000,191.0000000,186.6000000,187.5000000
AFLT,D,120517,000000,187.4000000,190.4000000,183.1000000,184.1500000
AFLT,D,150517,000000,186.1500000,187.1500000,180.3500000,181.9000000
AFLT,D,160517,000000,181.9500000,185.7000000,181.1500000,184.4000000
AFLT,D,170517,000000,183.6500000,187.4500000,183.5500000,186.0000000
AFLT,D,180517,000000,185.8500000,189.3000000,185.5000000,189.3000000
AFLT,D,190517,000000,189.8000000,193.0000000,186.0000000,189.1000000
AFLT,D,220517,000000,189.9500000,190.8000000,182.3000000,190.3000000
AFLT,D,230517,000000,188.6000000,195.2500000,188.6000000,195.0000000
AFLT,D,240517,000000,194.8500000,196.1000000,192.2000000,193.8000000
AFLT,D,250517,000000,194.4000000,196.2000000,193.0000000,195.1500000
AFLT,D,260517,000000,195.7500000,197.1000000,189.4000000,190.1000000
AFLT,D,290517,000000,190.0500000,190.0500000,184.4500000,189.5000000
AFLT,D,300517,000000,188.8500000,193.3000000,187.0000000,191.0500000
AFLT,D,310517,000000,191.0500000,191.1000000,185.9500000,188.6000000
AFLT,D,010617,000000,188.2000000,189.8500000,186.0000000,188.2000000
AFLT,D,020617,000000,187.9000000,194.0000000,185.2000000,185.8000000
AFLT,D,050617,000000,185.8500000,190.3500000,185.8500000,189.0500000
AFLT,D,060617,000000,189.0000000,190.3000000,187.3500000,190.0000000
AFLT,D,070617,000000,190.4000000,191.2500000,187.1500000,189.0000000
AFLT,D,080617,000000,189.6500000,192.6500000,188.1000000,192.1000000
AFLT,D,090617,000000,192.0500000,193.3000000,190.6000000,192.8500000
AFLT,D,130617,000000,193.3000000,193.3000000,188.3000000,189.0000000
AFLT,D,140617,000000,188.6000000,190.1000000,187.0500000,190.0000000
AFLT,D,150617,000000,186.7000000,189.0500000,178.6500000,182.2000000
AFLT,D,160617,000000,181.4000000,186.2500000,171.2000000,174.6500000
AFLT,D,190617,000000,175.1000000,181.9500000,170.1500000,181.5000000
AFLT,D,200617,000000,181.7000000,183.3000000,180.0000000,181.4000000
AFLT,D,210617,000000,181.1000000,192.0000000,181.0000000,191.0000000
AFLT,D,220617,000000,191.7000000,195.0000000,190.3000000,194.3000000
AFLT,D,230617,000000,194.9000000,194.9000000,191.3000000,191.3500000
AFLT,D,260617,000000,192.2500000,194.0000000,185.9500000,186.7500000
AFLT,D,270617,000000,186.7000000,191.0000000,184.7500000,189.5000000
AFLT,D,280617,000000,189.5000000,190.8000000,187.7500000,190.0500000
AFLT,D,290617,000000,191.0000000,193.3500000,190.4000000,193.0000000
AFLT,D,300617,000000,192.8000000,195.3000000,191.2500000,195.3000000
AFLT,D,030717,000000,195.3000000,199.3000000,194.5000000,197.8000000
AFLT,D,040717,000000,197.8500000,199.7500000,196.8000000,198.8000000
AFLT,D,050717,000000,198.9500000,204.7000000,198.0500000,204.2500000
AFLT,D,060717,000000,204.5000000,215.4000000,203.5500000,215.2500000
AFLT,D,070717,000000,214.9000000,215.8000000,211.6500000,213.0000000
AFLT,D,100717,000000,213.1000000,220.8500000,213.0000000,217.5000000
AFLT,D,110717,000000,217.9500000,220.6000000,213.5000000,217.2000000
AFLT,D,120717,000000,217.1000000,225.0000000,216.7500000,225.0000000
AFLT,D,130717,000000,209.9500000,216.7500000,209.2500000,211.5000000
AFLT,D,140717,000000,211.2500000,213.9500000,210.5500000,212.8000000
AFLT,D,170717,000000,212.0000000,212.6000000,205.1000000,209.2000000
AFLT,D,180717,000000,209.0000000,209.9000000,206.8000000,208.7000000
AFLT,D,190717,000000,209.7500000,217.7000000,208.7000000,212.7000000
AFLT,D,200717,000000,214.6500000,217.1500000,213.5500000,214.7000000
AFLT,D,210717,000000,214.7000000,215.7000000,207.7000000,208.5000000
AFLT,D,240717,000000,207.5000000,209.6500000,201.5500000,204.6000000
AFLT,D,250717,000000,205.0000000,206.8000000,202.0500000,204.5500000
AFLT,D,260717,000000,204.7000000,208.7500000,204.5500000,208.0000000
AFLT,D,270717,000000,209.0000000,212.0000000,207.0000000,207.7500000
AFLT,D,280717,000000,207.2000000,207.4500000,202.3000000,203.3500000
AFLT,D,310717,000000,203.0000000,204.8500000,200.0500000,201.7000000
AFLT,D,010817,000000,202.0500000,206.5000000,201.6000000,206.4000000
AFLT,D,020817,000000,206.3500000,207.1000000,204.3000000,205.5500000
AFLT,D,030817,000000,204.8000000,205.8500000,203.4500000,204.3000000
AFLT,D,040817,000000,204.0000000,205.6000000,201.7000000,205.4500000
AFLT,D,070817,000000,205.5000000,206.4500000,204.1500000,205.4000000
AFLT,D,080817,000000,205.6000000,210.6000000,204.4000000,210.0500000
AFLT,D,090817,000000,210.0500000,211.7500000,206.6500000,208.9000000
AFLT,D,100817,000000,209.9500000,210.3500000,205.7000000,205.8500000
AFLT,D,110817,000000,205.0500000,205.7000000,201.2000000,202.9000000
AFLT,D,140817,000000,203.3000000,205.5000000,203.1500000,205.2500000
AFLT,D,150817,000000,205.1500000,207.1500000,203.5000000,206.8500000
AFLT,D,160817,000000,207.2500000,209.7000000,205.6500000,209.7000000
AFLT,D,170817,000000,209.4000000,211.7000000,209.1000000,210.9500000
AFLT,D,180817,000000,209.8500000,212.8500000,207.9500000,212.6500000
AFLT,D,210817,000000,212.3500000,214.9500000,211.7000000,213.0500000
AFLT,D,220817,000000,213.2000000,214.6500000,212.8000000,213.0000000
AFLT,D,230817,000000,213.9500000,214.4500000,208.5500000,209.3000000
AFLT,D,240817,000000,208.9500000,209.3500000,205.6000000,206.4000000
AFLT,D,250817,000000,207.1000000,207.4000000,202.1000000,204.0000000
AFLT,D,280817,000000,204.2500000,206.9500000,202.7000000,203.1500000
AFLT,D,290817,000000,202.5000000,205.4000000,200.4000000,204.7000000
AFLT,D,300817,000000,200.7500000,201.0000000,193.4500000,198.0000000
AFLT,D,310817,000000,198.0500000,198.1000000,191.8000000,191.8000000
AFLT,D,010917,000000,193.0000000,195.3500000,187.5000000,190.0000000
AFLT,D,040917,000000,189.8500000,194.1000000,186.4000000,193.2500000
AFLT,D,050917,000000,193.7500000,202.9000000,193.0000000,200.7500000
AFLT,D,060917,000000,201.4500000,201.8500000,196.2500000,199.6500000
AFLT,D,070917,000000,199.6000000,200.9000000,197.0000000,197.0500000
AFLT,D,080917,000000,197.4000000,197.5000000,195.0500000,195.8500000
AFLT,D,110917,000000,195.9000000,198.0000000,194.3500000,197.5000000
AFLT,D,120917,000000,197.6500000,198.4500000,195.3000000,197.8500000
AFLT,D,130917,000000,198.0000000,198.8000000,194.9500000,196.5000000
AFLT,D,140917,000000,197.0000000,197.0000000,192.0000000,196.2500000
AFLT,D,150917,000000,195.6500000,196.1500000,193.6500000,194.5000000
AFLT,D,180917,000000,194.0000000,196.5000000,193.8000000,195.1500000
AFLT,D,190917,000000,195.8500000,196.8500000,189.3000000,190.0000000
AFLT,D,200917,000000,186.0000000,194.5500000,186.0000000,188.0000000
AFLT,D,210917,000000,188.1500000,188.5000000,186.1000000,187.0000000
AFLT,D,220917,000000,186.7000000,186.8500000,183.6500000,183.9500000
AFLT,D,250917,000000,183.5500000,184.9000000,182.2500000,183.5500000
AFLT,D,260917,000000,184.1500000,189.8000000,183.7000000,184.0500000
AFLT,D,270917,000000,185.1500000,185.7500000,183.2000000,185.3000000
AFLT,D,280917,000000,185.0500000,185.3000000,183.1000000,183.8000000
AFLT,D,290917,000000,183.0500000,184.0000000,179.3000000,183.9500000
AFLT,D,021017,000000,183.5000000,186.3500000,183.4000000,184.7500000
AFLT,D,031017,000000,184.8000000,187.5000000,184.8000000,186.0000000
AFLT,D,041017,000000,186.0500000,187.7500000,182.6000000,184.3000000
AFLT,D,051017,000000,184.3500000,184.3500000,181.4000000,181.7000000
AFLT,D,061017,000000,181.4000000,182.7000000,180.5500000,181.0000000
AFLT,D,091017,000000,181.3000000,181.9000000,180.7000000,181.6000000
AFLT,D,101017,000000,181.7500000,183.8500000,181.2000000,181.7500000
AFLT,D,111017,000000,182.0000000,183.6000000,181.9000000,183.5500000
AFLT,D,121017,000000,183.6000000,183.7500000,179.6000000,181.0000000
AFLT,D,131017,000000,180.6000000,181.4500000,179.7500000,180.6000000
AFLT,D,161017,000000,180.7000000,182.0000000,180.2500000,181.2500000
AFLT,D,171017,000000,181.6500000,182.0000000,180.9500000,181.1000000
AFLT,D,181017,000000,181.1000000,182.3000000,181.0000000,181.7000000
AFLT,D,191017,000000,181.8000000,182.0500000,180.4000000,180.4000000
AFLT,D,201017,000000,180.6000000,182.8500000,179.7500000,182.5000000
AFLT,D,231017,000000,182.8500000,185.9500000,182.5000000,184.7000000
AFLT,D,241017,000000,185.4500000,185.7000000,183.2500000,184.0000000
AFLT,D,251017,000000,184.1500000,185.7000000,183.5000000,184.5000000
AFLT,D,261017,000000,184.6000000,185.0000000,179.5000000,182.5500000
AFLT,D,271017,000000,183.0000000,183.8500000,181.0000000,182.8000000
AFLT,D,301017,000000,182.9000000,184.8000000,181.6500000,184.3500000
AFLT,D,311017,000000,184.8500000,185.3000000,179.6500000,180.0000000
AFLT,D,011117,000000,179.0500000,179.2500000,164.6000000,164.9000000
AFLT,D,021117,000000,164.3500000,165.7000000,162.0000000,164.5000000
AFLT,D,031117,000000,164.9000000,165.4000000,161.0500000,162.4000000
AFLT,D,071117,000000,162.5500000,163.1500000,155.6000000,158.4500000
AFLT,D,081117,000000,158.2500000,164.8000000,155.1000000,163.0000000
AFLT,D,091117,000000,163.9500000,168.4500000,163.6500000,164.5000000
AFLT,D,101117,000000,165.2000000,166.8500000,163.1500000,163.4000000
AFLT,D,131117,000000,163.7500000,164.0000000,160.1000000,161.0000000
AFLT,D,141117,000000,161.0000000,162.0000000,156.7500000,157.0000000
AFLT,D,151117,000000,156.3000000,161.2000000,154.0500000,159.2000000
AFLT,D,161117,000000,159.2000000,165.1000000,157.0000000,164.4000000
AFLT,D,171117,000000,164.4000000,166.8500000,161.2500000,164.5500000
AFLT,D,201117,000000,164.6000000,165.6000000,163.5500000,164.6000000
AFLT,D,211117,000000,165.0000000,166.7000000,164.2500000,166.2500000
AFLT,D,221117,000000,166.3000000,168.6000000,160.6500000,163.9500000
AFLT,D,231117,000000,164.4500000,164.4500000,162.1000000,162.3000000
AFLT,D,241117,000000,162.8500000,162.8500000,157.6500000,159.8500000
AFLT,D,271117,000000,158.9000000,160.0500000,156.2500000,157.0000000
AFLT,D,281117,000000,157.0500000,158.1000000,155.3000000,157.2000000
AFLT,D,291117,000000,157.8000000,159.1500000,156.3000000,158.6000000
AFLT,D,301117,000000,158.3000000,158.6000000,146.8500000,152.5000000
AFLT,D,011217,000000,152.5000000,154.9000000,147.0500000,148.1500000
AFLT,D,041217,000000,148.0500000,148.5500000,143.2000000,144.6000000
AFLT,D,051217,000000,144.2500000,149.2000000,141.7500000,146.4000000
AFLT,D,061217,000000,146.2500000,147.6000000,144.2000000,144.7000000
AFLT,D,071217,000000,144.7000000,145.3000000,143.5500000,144.3500000
AFLT,D,081217,000000,144.7000000,146.3000000,143.8000000,144.3500000
AFLT,D,111217,000000,144.7500000,145.2500000,143.1500000,143.5500000
AFLT,D,121217,000000,144.1000000,144.2500000,140.1000000,140.1000000
AFLT,D,131217,000000,140.3000000,141.6500000,136.6000000,137.0000000
AFLT,D,141217,000000,137.8500000,142.5500000,136.2500000,141.8000000
AFLT,D,151217,000000,141.9500000,145.7000000,140.7000000,143.6000000
AFLT,D,181217,000000,144.1500000,146.5000000,140.8500000,142.0000000
AFLT,D,191217,000000,142.7500000,143.3500000,140.3500000,141.3500000
AFLT,D,201217,000000,141.9500000,141.9500000,138.0000000,138.0000000
AFLT,D,211217,000000,137.9500000,139.3000000,137.1000000,138.8000000
AFLT,D,221217,000000,138.7500000,140.0000000,138.1500000,138.8000000
AFLT,D,251217,000000,139.0500000,140.4500000,137.2500000,138.8500000
AFLT,D,261217,000000,138.8000000,139.8000000,138.0500000,139.0000000
AFLT,D,271217,000000,139.7500000,139.8000000,138.1500000,138.5000000
AFLT,D,281217,000000,138.4000000,139.1500000,137.7500000,139.0000000
AFLT,D,291217,000000,139.0000000,140.0000000,138.4000000,138.4500000
AFLT,D,030118,000000,139.0000000,140.9500000,138.6000000,140.4000000
AFLT,D,040118,000000,140.5500000,149.3500000,140.5500000,148.9000000
AFLT,D,050118,000000,149.2000000,149.5000000,146.2000000,147.3000000
AFLT,D,090118,000000,147.0000000,151.8000000,146.6000000,150.5000000
AFLT,D,100118,000000,151.0000000,151.8000000,146.0000000,149.3000000
AFLT,D,110118,000000,149.3000000,150.4500000,147.3500000,148.3000000
AFLT,D,120118,000000,148.3000000,149.4000000,144.6500000,145.6000000
AFLT,D,150118,000000,145.8000000,148.6500000,145.2000000,146.6000000
AFLT,D,160118,000000,146.6500000,147.3000000,140.2000000,140.7500000
AFLT,D,170118,000000,140.3000000,141.3000000,138.2500000,138.4500000
AFLT,D,180118,000000,138.4500000,139.8000000,136.6500000,137.2000000
AFLT,D,190118,000000,137.0000000,141.2500000,135.0000000,138.7000000
AFLT,D,220118,000000,139.5000000,140.4500000,138.5000000,138.6000000
AFLT,D,230118,000000,138.9000000,140.2000000,137.6500000,138.3000000
AFLT,D,240118,000000,138.7000000,139.4000000,137.8500000,138.0500000
AFLT,D,250118,000000,138.0000000,138.5500000,137.1000000,137.1000000
AFLT,D,260118,000000,137.1000000,137.7000000,133.6000000,134.2000000
AFLT,D,290118,000000,131.3000000,137.8000000,131.2500000,137.6000000
AFLT,D,300118,000000,137.2000000,137.4000000,133.1000000,133.2000000
AFLT,D,310118,000000,133.3000000,135.9000000,132.7500000,133.3000000
AFLT,D,010218,000000,134.2500000,136.3500000,133.6000000,135.3500000
AFLT,D,020218,000000,135.1500000,135.8000000,132.4000000,133.5000000
AFLT,D,050218,000000,133.0000000,139.0000000,131.8500000,138.4000000
AFLT,D,060218,000000,135.9500000,136.4000000,131.0500000,135.5000000
AFLT,D,070218,000000,136.3000000,137.7500000,135.8500000,136.4500000
AFLT,D,080218,000000,136.0000000,138.0000000,134.7500000,137.5000000
AFLT,D,090218,000000,135.8000000,140.0000000,135.7500000,139.3000000
AFLT,D,120218,000000,139.9500000,141.0000000,138.0000000,139.0000000
AFLT,D,130218,000000,139.3500000,140.4500000,138.5000000,140.3000000
AFLT,D,140218,000000,140.0500000,141.0500000,136.8500000,137.7000000
AFLT,D,150218,000000,137.9000000,138.8000000,136.3000000,136.8500000
AFLT,D,160218,000000,136.8500000,137.5000000,136.5000000,137.3000000
AFLT,D,190218,000000,137.0000000,138.5000000,136.7000000,137.3500000
AFLT,D,200218,000000,137.4000000,138.0000000,136.8000000,138.0000000
AFLT,D,210218,000000,137.8000000,138.7500000,137.6000000,138.7500000
AFLT,D,220218,000000,138.7000000,142.0000000,138.2000000,140.1000000
AFLT,D,260218,000000,141.2000000,143.0500000,140.2000000,140.8000000
AFLT,D,270218,000000,141.4000000,141.8000000,138.8000000,139.1000000
AFLT,D,280218,000000,138.8000000,141.6000000,137.1000000,141.4500000
AFLT,D,010318,000000,140.9000000,152.4500000,139.7000000,151.9500000
AFLT,D,020318,000000,151.6000000,154.2500000,150.0000000,152.0000000
AFLT,D,050318,000000,153.5000000,153.9500000,148.4000000,150.0000000
AFLT,D,060318,000000,150.8000000,151.4500000,147.8500000,149.4000000
AFLT,D,070318,000000,148.7000000,152.7000000,148.0000000,152.0000000
AFLT,D,090318,000000,152.3000000,158.0000000,150.5500000,157.4500000
AFLT,D,120318,000000,158.0000000,159.6500000,157.4000000,158.8500000
AFLT,D,130318,000000,158.3000000,164.0000000,157.2000000,163.7000000
AFLT,D,140318,000000,163.3000000,165.3500000,159.2000000,161.6000000
AFLT,D,150318,000000,161.5000000,163.2500000,159.2500000,160.1500000
AFLT,D,160318,000000,160.1000000,162.9500000,158.5000000,160.5000000
AFLT,D,190318,000000,162.7500000,162.7500000,159.3500000,159.3500000
AFLT,D,200318,000000,159.9000000,161.1500000,158.8500000,160.1500000
AFLT,D,210318,000000,160.8500000,163.2500000,159.7500000,159.7500000
AFLT,D,220318,000000,160.6000000,160.6000000,155.5500000,156.5000000
AFLT,D,230318,000000,155.4000000,159.7000000,151.9000000,158.3500000
AFLT,D,260318,000000,158.1000000,161.4500000,155.8500000,157.2500000
AFLT,D,270318,000000,157.2500000,158.8000000,153.7500000,154.2500000
AFLT,D,280318,000000,154.3500000,155.8500000,152.7500000,154.0000000
AFLT,D,290318,000000,154.5500000,155.5000000,153.6500000,154.2000000
AFLT,D,300318,000000,155.1500000,155.7000000,154.5500000,155.6000000
AFLT,D,020418,000000,155.6000000,157.2000000,154.7500000,156.2500000
AFLT,D,030418,000000,156.7500000,156.7500000,153.7000000,156.2500000
AFLT,D,040418,000000,156.0000000,156.6000000,154.9500000,156.0500000
AFLT,D,050418,000000,156.2500000,158.5000000,154.1000000,158.0500000
AFLT,D,060418,000000,157.5000000,158.2000000,156.2500000,157.3000000
AFLT,D,090418,000000,156.6000000,157.1500000,137.5500000,144.0000000
AFLT,D,100418,000000,143.0000000,148.0000000,140.5500000,145.2000000
AFLT,D,110418,000000,145.1500000,147.5000000,140.7000000,143.5000000
AFLT,D,120418,000000,145.5000000,148.2000000,144.6500000,147.0500000
AFLT,D,130418,000000,148.0000000,148.8000000,142.6500000,144.8500000
AFLT,D,160418,000000,142.5500000,146.7000000,141.2000000,145.4000000
AFLT,D,170418,000000,147.2000000,148.7000000,146.2000000,147.3000000
AFLT,D,180418,000000,147.5500000,154.4500000,147.2500000,153.5500000
AFLT,D,190418,000000,154.5500000,155.7500000,149.6500000,150.9500000
AFLT,D,200418,000000,150.0000000,151.1500000,148.5500000,149.4000000
AFLT,D,230418,000000,150.0000000,150.0500000,146.7000000,148.5000000
AFLT,D,240418,000000,148.7500000,149.3000000,146.1500000,146.6000000
AFLT,D,250418,000000,146.0500000,146.6000000,143.3500000,144.4500000
AFLT,D,260418,000000,144.4500000,145.9000000,143.6000000,145.6000000
AFLT,D,270418,000000,146.6000000,146.6000000,144.2000000,144.3000000
AFLT,D,280418,000000,144.4500000,145.6500000,144.0500000,144.8500000
AFLT,D,300418,000000,145.0000000,146.2500000,143.1500000,144.0000000
AFLT,D,020518,000000,144.9000000,147.3000000,144.0000000,147.3000000
AFLT,D,030518,000000,146.8500000,147.2500000,143.5000000,144.2000000
AFLT,D,040518,000000,143.7500000,143.9000000,141.2500000,141.6500000
AFLT,D,070518,000000,142.1500000,142.7500000,141.4000000,141.9000000
AFLT,D,080518,000000,142.0000000,142.0000000,140.0000000,140.4000000
AFLT,D,100518,000000,140.9000000,141.8000000,139.0500000,139.8000000
AFLT,D,110518,000000,140.4500000,140.4500000,137.0500000,137.5000000
AFLT,D,140518,000000,137.5000000,137.5500000,132.0500000,136.1500000
AFLT,D,150518,000000,136.2000000,139.2500000,134.6000000,138.0000000
AFLT,D,160518,000000,137.9000000,138.4500000,136.8000000,137.9500000
AFLT,D,170518,000000,138.1500000,138.5500000,136.5500000,137.9500000
AFLT,D,180518,000000,137.7000000,137.9000000,136.1500000,136.7500000
AFLT,D,210518,000000,136.2000000,137.7500000,136.0500000,136.2000000
AFLT,D,220518,000000,136.3000000,136.8500000,134.2000000,135.0000000
AFLT,D,230518,000000,134.5500000,135.3000000,132.5500000,132.5500000
AFLT,D,240518,000000,133.0000000,133.0000000,130.6500000,132.7000000
AFLT,D,250518,000000,132.1500000,133.3500000,131.3000000,132.2000000
AFLT,D,280518,000000,132.4000000,133.8500000,131.3000000,131.5500000
AFLT,D,290518,000000,131.7000000,132.6500000,131.1000000,131.8500000
AFLT,D,300518,000000,133.7500000,139.8500000,133.7000000,139.8500000
AFLT,D,310518,000000,140.0500000,141.5000000,138.0500000,140.8000000
AFLT,D,010618,000000,139.7500000,140.7000000,139.1500000,139.6500000
AFLT,D,040618,000000,139.9000000,140.3500000,137.1000000,137.1000000
AFLT,D,050618,000000,137.1000000,139.4500000,137.1000000,139.2500000
AFLT,D,060618,000000,139.1500000,141.5000000,139.1500000,141.3000000
AFLT,D,070618,000000,141.6000000,145.8000000,141.2000000,145.0000000
AFLT,D,080618,000000,144.7500000,145.6000000,142.6500000,143.9000000
AFLT,D,090618,000000,144.0000000,144.9500000,143.8000000,144.3500000
AFLT,D,110618,000000,144.5000000,145.4500000,141.8000000,142.7000000
AFLT,D,130618,000000,143.4500000,145.2000000,143.0500000,144.0500000
AFLT,D,140618,000000,144.1000000,144.5500000,143.2500000,143.5500000
AFLT,D,150618,000000,143.7500000,144.7500000,139.5000000,140.5000000
AFLT,D,180618,000000,140.0000000,140.9500000,139.1000000,139.6500000
AFLT,D,190618,000000,139.6000000,139.9500000,136.3500000,138.0000000
AFLT,D,200618,000000,138.2500000,141.4000000,138.0000000,141.0000000
AFLT,D,210618,000000,140.6500000,142.3000000,139.9000000,140.5500000
AFLT,D,220618,000000,140.5500000,141.3000000,139.8500000,140.5500000
AFLT,D,250618,000000,141.0000000,143.1000000,139.6000000,140.7500000
AFLT,D,260618,000000,141.2500000,141.5000000,140.6000000,140.6500000
AFLT,D,270618,000000,141.4500000,141.4500000,140.0000000,141.1500000
AFLT,D,280618,000000,141.8000000,142.3000000,139.2500000,139.8000000
AFLT,D,290618,000000,140.4000000,141.3000000,139.8000000,139.8000000
AFLT,D,020718,000000,140.3500000,140.6500000,139.8500000,140.1500000
AFLT,D,030718,000000,140.4000000,143.2500000,140.0000000,143.0500000
AFLT,D,040718,000000,143.2500000,143.4500000,138.4000000,140.0000000
AFLT,D,050718,000000,128.9500000,129.2000000,125.2500000,129.2000000
AFLT,D,060718,000000,128.9500000,130.8500000,128.3500000,129.5500000
AFLT,D,090718,000000,129.5500000,130.4000000,127.2500000,128.3000000
AFLT,D,100718,000000,128.4000000,128.4000000,126.5500000,126.5500000
AFLT,D,110718,000000,126.7500000,126.8000000,124.2500000,124.3000000
AFLT,D,120718,000000,124.8000000,126.2500000,123.5000000,124.8000000
AFLT,D,130718,000000,125.0500000,125.8500000,123.1000000,123.2500000
AFLT,D,160718,000000,123.2500000,124.1000000,122.6000000,123.0000000
AFLT,D,170718,000000,123.0000000,125.1500000,120.8000000,124.2500000
AFLT,D,180718,000000,124.5500000,125.3000000,122.5500000,123.0000000
AFLT,D,190718,000000,123.0000000,123.1000000,120.3000000,121.0000000
AFLT,D,200718,000000,121.0000000,122.3000000,120.1000000,121.4500000
AFLT,D,230718,000000,121.8500000,123.8000000,121.6000000,123.8000000
AFLT,D,240718,000000,124.0000000,124.7500000,122.1500000,122.1500000
AFLT,D,250718,000000,122.0500000,122.2500000,120.6500000,121.3000000
AFLT,D,260718,000000,121.7000000,122.8500000,121.3500000,122.7000000
AFLT,D,270718,000000,122.7000000,123.5000000,121.5000000,122.2000000
AFLT,D,300718,000000,121.7500000,122.7500000,121.3500000,121.7000000
AFLT,D,310718,000000,121.8500000,123.0000000,121.3500000,122.9500000
AFLT,D,010818,000000,122.9500000,125.0000000,121.0000000,121.0000000
AFLT,D,020818,000000,120.5000000,120.6000000,115.8000000,116.0000000
AFLT,D,030818,000000,116.2000000,118.1000000,113.6500000,118.1000000
AFLT,D,060818,000000,118.2500000,118.8500000,113.7500000,114.3000000
AFLT,D,070818,000000,114.6000000,115.8500000,113.5000000,114.2500000
AFLT,D,080818,000000,114.2500000,114.8500000,111.0000000,111.8500000
AFLT,D,090818,000000,108.0000000,111.6500000,98.1500000,109.7000000
AFLT,D,100818,000000,109.7000000,110.2500000,104.6500000,105.0000000
AFLT,D,130818,000000,104.5000000,107.0500000,103.5500000,105.7500000
AFLT,D,140818,000000,106.1500000,107.2500000,105.0000000,107.2500000
AFLT,D,150818,000000,107.6500000,115.7500000,107.1500000,107.4000000
AFLT,D,160818,000000,108.3000000,110.8000000,106.3000000,110.5000000
AFLT,D,170818,000000,110.5000000,111.5000000,108.1000000,109.0000000
AFLT,D,200818,000000,109.8500000,110.4000000,108.5000000,108.9500000
AFLT,D,210818,000000,109.4000000,109.5000000,106.8000000,108.3500000
AFLT,D,220818,000000,108.0500000,108.8000000,107.1000000,108.6000000
AFLT,D,230818,000000,108.1000000,108.5000000,105.2000000,105.6500000
AFLT,D,240818,000000,105.0000000,106.1000000,100.6500000,104.4500000
AFLT,D,270818,000000,104.5000000,106.5000000,104.2500000,106.2000000
AFLT,D,280818,000000,106.3000000,107.7000000,106.1000000,106.5500000
AFLT,D,290818,000000,106.3000000,111.8000000,105.5000000,111.8000000
AFLT,D,300818,000000,112.3000000,119.8000000,111.7500000,115.5000000
AFLT,D,310818,000000,115.5500000,115.9500000,112.6000000,115.5000000
AFLT,D,030918,000000,115.1000000,115.7000000,113.8000000,114.5500000
AFLT,D,040918,000000,114.7000000,115.4500000,111.2000000,112.7500000
AFLT,D,050918,000000,112.4000000,113.0000000,110.5500000,111.5000000
AFLT,D,060918,000000,111.3500000,111.4000000,108.1000000,108.1000000
AFLT,D,070918,000000,108.1000000,109.7000000,107.5500000,108.5500000
AFLT,D,100918,000000,109.1500000,109.4500000,105.6500000,106.5000000
AFLT,D,110918,000000,105.9500000,106.5000000,104.5500000,105.1000000
AFLT,D,120918,000000,105.5000000,108.0000000,103.3000000,107.2000000
AFLT,D,130918,000000,107.4500000,109.5000000,106.1000000,107.1000000
AFLT,D,140918,000000,107.0000000,107.2500000,104.8000000,105.7500000
AFLT,D,170918,000000,105.7500000,106.8500000,105.2000000,106.0500000
AFLT,D,180918,000000,106.1500000,109.5000000,106.0000000,109.1500000
AFLT,D,190918,000000,109.5000000,113.5000000,108.6000000,111.4000000
AFLT,D,200918,000000,111.7500000,112.5500000,110.2000000,111.0000000
AFLT,D,210918,000000,110.6000000,111.0000000,108.2500000,111.0000000
AFLT,D,240918,000000,110.7000000,111.3000000,108.5500000,108.9500000
AFLT,D,250918,000000,108.9500000,109.3500000,106.6000000,106.6500000
AFLT,D,260918,000000,106.9000000,107.5000000,106.0000000,106.7000000
AFLT,D,270918,000000,106.6000000,108.4500000,106.2000000,107.0500000
AFLT,D,280918,000000,107.6500000,107.6500000,105.2500000,106.5500000
AFLT,D,011018,000000,106.6000000,106.8500000,105.8000000,106.2000000
AFLT,D,021018,000000,106.2500000,107.9500000,105.5500000,106.4000000
AFLT,D,031018,000000,106.8500000,107.6000000,106.1000000,107.1000000
AFLT,D,041018,000000,106.9500000,108.2000000,106.4000000,106.4000000
AFLT,D,051018,000000,106.3000000,106.3500000,103.4500000,104.6500000
AFLT,D,081018,000000,104.6000000,104.7000000,101.5000000,102.6500000
AFLT,D,091018,000000,103.1000000,103.9500000,102.0500000,102.1000000
AFLT,D,101018,000000,102.0000000,105.0500000,101.7000000,102.1500000
AFLT,D,111018,000000,101.0000000,102.1500000,100.1000000,100.9000000
AFLT,D,121018,000000,101.0000000,104.1500000,101.0000000,102.0000000
AFLT,D,151018,000000,101.9000000,102.9000000,100.1500000,100.1500000
AFLT,D,161018,000000,100.2500000,101.2500000,98.5000000,99.0000000
AFLT,D,171018,000000,99.8500000,100.4500000,97.6500000,98.0000000
AFLT,D,181018,000000,97.6500000,97.8500000,95.2000000,96.0000000
AFLT,D,191018,000000,95.8500000,97.2500000,94.7000000,95.5000000
AFLT,D,221018,000000,94.9000000,96.7000000,91.5000000,92.4000000
AFLT,D,231018,000000,91.5000000,92.4500000,89.4500000,92.3000000
AFLT,D,241018,000000,92.7000000,94.0000000,91.8000000,92.9000000
AFLT,D,251018,000000,91.6000000,93.8000000,90.6500000,91.8500000
AFLT,D,261018,000000,92.0000000,92.5000000,89.9500000,91.6000000
AFLT,D,291018,000000,90.4000000,94.7000000,90.4000000,94.0500000
AFLT,D,301018,000000,94.1500000,98.2500000,93.7000000,98.2500000
AFLT,D,311018,000000,98.4500000,99.9000000,96.5000000,97.2500000
AFLT,D,011118,000000,97.8800000,98.5000000,96.0000000,96.8800000
AFLT,D,021118,000000,97.0400000,101.7800000,95.7200000,101.7800000
AFLT,D,061118,000000,101.3600000,103.8000000,100.2400000,102.4000000
AFLT,D,071118,000000,102.0000000,102.1800000,98.8800000,100.6000000
AFLT,D,081118,000000,100.5200000,100.9400000,97.6200000,98.5000000
AFLT,D,091118,000000,98.1000000,98.1400000,95.1400000,95.1400000
AFLT,D,121118,000000,95.8800000,98.0000000,95.7000000,96.9000000
AFLT,D,131118,000000,97.0000000,97.9200000,95.6400000,97.4000000
AFLT,D,141118,000000,97.9600000,103.3000000,97.2400000,103.3000000
AFLT,D,151118,000000,103.3200000,104.1000000,101.5600000,102.7400000
AFLT,D,161118,000000,102.9200000,103.2000000,100.4400000,101.2000000
AFLT,D,191118,000000,102.1000000,102.6000000,98.5400000,98.7200000
AFLT,D,201118,000000,98.5000000,102.5000000,98.2400000,102.2000000
AFLT,D,211118,000000,102.2000000,109.4400000,102.1000000,108.8000000
AFLT,D,221118,000000,108.8200000,109.9000000,106.5000000,109.9000000
AFLT,D,231118,000000,109.9200000,113.9000000,109.3800000,113.7400000
AFLT,D,261118,000000,113.5000000,113.7600000,108.3800000,110.9000000
AFLT,D,271118,000000,110.5000000,115.8000000,110.2000000,113.2800000
AFLT,D,281118,000000,113.1400000,114.8600000,111.5200000,113.6000000
AFLT,D,291118,000000,114.0400000,116.5600000,113.1400000,113.1400000
AFLT,D,301118,000000,112.9400000,119.4400000,112.4000000,114.4000000
AFLT,D,031218,000000,114.3600000,115.0000000,110.0400000,111.8400000
AFLT,D,041218,000000,111.5200000,111.6000000,106.7000000,106.7000000
AFLT,D,051218,000000,106.9200000,109.7200000,106.9200000,107.8000000
AFLT,D,061218,000000,108.2400000,109.2800000,105.5000000,106.4400000
AFLT,D,071218,000000,107.0800000,108.5600000,103.7000000,103.7000000
AFLT,D,101218,000000,104.4800000,105.4800000,99.6600000,101.0200000
AFLT,D,111218,000000,101.3400000,103.3800000,100.6600000,102.7200000
AFLT,D,121218,000000,102.7800000,103.3000000,101.0200000,101.8000000
AFLT,D,131218,000000,102.1000000,103.2000000,101.1200000,102.0000000
AFLT,D,141218,000000,101.5400000,102.2000000,100.0000000,102.1000000
AFLT,D,171218,000000,102.1400000,102.4400000,100.6200000,101.0400000
AFLT,D,181218,000000,100.6400000,105.4000000,100.6200000,101.6000000
AFLT,D,191218,000000,102.4200000,104.5000000,101.5400000,102.0000000
AFLT,D,201218,000000,101.9200000,103.0000000,101.0000000,102.0200000
AFLT,D,211218,000000,103.2800000,103.3600000,101.3800000,102.2000000
AFLT,D,241218,000000,102.2000000,102.3400000,101.6200000,102.1000000
AFLT,D,251218,000000,102.1000000,103.0000000,100.0000000,100.8000000
AFLT,D,261218,000000,100.9600000,101.9200000,100.6200000,101.0200000
AFLT,D,271218,000000,102.0000000,102.2000000,100.2000000,100.5000000
AFLT,D,281218,000000,101.1000000,101.4400000,100.4000000,101.0000000
AFLT,D,291218,000000,101.1000000,101.4000000,100.6600000,101.1800000
AFLT,D,030119,000000,101.9000000,101.9000000,100.7200000,101.5000000
AFLT,D,040119,000000,101.6400000,101.6800000,100.8000000,101.1000000
AFLT,D,080119,000000,101.5000000,101.8400000,100.8000000,101.1000000
AFLT,D,090119,000000,101.1400000,103.1800000,100.8600000,102.0600000
AFLT,D,100119,000000,102.7200000,105.1400000,102.4600000,105.1400000
AFLT,D,110119,000000,105.0400000,106.5000000,104.6000000,104.6600000
AFLT,D,140119,000000,104.6800000,106.9600000,103.7600000,106.2200000
AFLT,D,150119,000000,106.6800000,107.2000000,105.2200000,106.9800000
AFLT,D,160119,000000,106.5200000,109.2600000,106.1400000,108.4000000
AFLT,D,170119,000000,108.3400000,109.8400000,107.5600000,109.0600000
AFLT,D,180119,000000,109.2400000,110.3000000,106.7400000,107.0000000
AFLT,D,210119,000000,107.0800000,107.4800000,105.6000000,105.8000000
AFLT,D,220119,000000,105.7200000,106.9600000,105.2400000,105.2400000
AFLT,D,230119,000000,105.2200000,106.5400000,105.2200000,105.4000000
AFLT,D,240119,000000,105.6000000,106.0400000,104.7800000,105.3800000
AFLT,D,250119,000000,105.7600000,106.7600000,104.9200000,105.7000000
AFLT,D,280119,000000,105.9000000,106.8000000,105.0600000,105.8000000
AFLT,D,290119,000000,105.7200000,106.3000000,105.2600000,106.1000000
AFLT,D,300119,000000,106.1000000,109.0800000,106.0200000,108.6000000
AFLT,D,310119,000000,109.1000000,109.7000000,107.1000000,107.9200000
AFLT,D,010219,000000,108.0800000,108.5600000,105.0800000,105.2200000
AFLT,D,040219,000000,105.3000000,106.2200000,102.4200000,102.4400000
AFLT,D,050219,000000,100.2400000,103.3000000,100.0200000,102.2600000
AFLT,D,060219,000000,102.7800000,102.8000000,101.7800000,102.0000000
AFLT,D,070219,000000,101.6000000,102.2000000,101.1200000,101.6200000
AFLT,D,080219,000000,102.4200000,102.4400000,101.5200000,101.9000000
AFLT,D,110219,000000,101.9800000,102.4800000,101.6800000,101.7800000
AFLT,D,120219,000000,102.0000000,102.7000000,101.6200000,102.7000000
AFLT,D,130219,000000,102.1200000,102.4200000,100.0000000,100.1400000
AFLT,D,140219,000000,100.0000000,101.8600000,99.0600000,101.3600000
AFLT,D,150219,000000,101.7000000,102.3200000,100.6600000,101.6200000
AFLT,D,180219,000000,101.5400000,102.4800000,100.7200000,100.7400000
AFLT,D,190219,000000,100.9600000,101.2400000,99.5600000,100.0000000
AFLT,D,200219,000000,100.9400000,101.2400000,99.7200000,100.0400000
AFLT,D,210219,000000,100.2000000,100.4800000,99.7600000,100.0000000
AFLT,D,220219,000000,100.1400000,100.2600000,99.9200000,100.1200000
AFLT,D,250219,000000,100.1000000,100.3800000,99.3600000,100.0400000
AFLT,D,260219,000000,100.0000000,100.2200000,98.3600000,98.9800000
AFLT,D,270219,000000,99.0000000,99.4400000,95.9600000,97.7000000
AFLT,D,280219,000000,97.4200000,97.5600000,95.7800000,97.1000000
AFLT,D,010319,000000,96.5400000,97.7400000,96.5400000,96.7600000
AFLT,D,040319,000000,96.6400000,98.8800000,96.6400000,98.3600000
AFLT,D,050319,000000,96.3800000,97.0000000,94.5000000,96.2600000
AFLT,D,060319,000000,96.8000000,98.7800000,96.2800000,98.1200000
AFLT,D,070319,000000,98.2200000,99.9000000,97.3000000,99.6800000
AFLT,D,110319,000000,99.7600000,102.5000000,99.2400000,102.1000000
AFLT,D,120319,000000,102.3000000,102.6200000,100.1200000,100.2200000
AFLT,D,130319,000000,100.3600000,100.9000000,99.4000000,100.5000000
AFLT,D,140319,000000,100.0000000,101.3000000,98.2000000,99.6600000
AFLT,D,150319,000000,99.5200000,100.3800000,99.0400000,100.0800000
AFLT,D,180319,000000,100.0800000,100.5200000,99.1200000,99.9200000
AFLT,D,190319,000000,99.8200000,100.3800000,99.2400000,99.4600000
AFLT,D,200319,000000,99.8600000,99.9200000,98.2000000,98.2200000
AFLT,D,210319,000000,98.5400000,98.6000000,97.1600000,97.3000000
AFLT,D,220319,000000,97.7000000,97.7000000,96.5800000,97.6600000
AFLT,D,250319,000000,96.6400000,98.4600000,96.2600000,97.0000000
AFLT,D,260319,000000,97.1200000,97.5600000,96.8400000,97.0200000
AFLT,D,270319,000000,97.3200000,97.4000000,96.0600000,96.1000000
AFLT,D,280319,000000,96.2600000,97.0000000,95.8600000,96.7000000
AFLT,D,290319,000000,96.9000000,97.3800000,96.0600000,96.3000000
AFLT,D,010419,000000,96.6400000,97.7800000,96.3400000,97.7800000
AFLT,D,020419,000000,97.5200000,98.8800000,97.5200000,98.3600000
AFLT,D,030419,000000,98.5200000,99.3400000,97.7200000,98.5000000
AFLT,D,040419,000000,98.0800000,98.9600000,97.8600000,98.3600000
AFLT,D,050419,000000,98.6400000,99.6600000,97.8800000,99.5400000
AFLT,D,080419,000000,99.7400000,99.8800000,98.4400000,98.5800000
AFLT,D,090419,000000,98.5800000,98.9800000,96.7600000,97.2400000
AFLT,D,100419,000000,97.4000000,98.2200000,96.8200000,97.3200000
AFLT,D,110419,000000,97.3200000,98.6200000,97.0000000,98.4000000
AFLT,D,120419,000000,98.5800000,98.9000000,97.3400000,98.2200000
AFLT,D,150419,000000,97.8400000,98.8800000,97.7000000,98.7200000
AFLT,D,160419,000000,99.0000000,99.4000000,98.1000000,99.1200000
AFLT,D,170419,000000,99.3000000,99.3800000,98.2800000,98.6200000
AFLT,D,180419,000000,98.6600000,99.1000000,98.0000000,98.0000000
AFLT,D,190419,000000,98.3000000,98.4400000,97.5000000,97.6000000
AFLT,D,220419,000000,97.8400000,98.3000000,97.5200000,97.6000000
AFLT,D,230419,000000,97.7400000,97.8600000,96.5600000,96.8000000
AFLT,D,240419,000000,96.8000000,97.1200000,96.1400000,96.3200000
AFLT,D,250419,000000,96.5200000,97.1400000,96.0000000,96.3400000
AFLT,D,260419,000000,96.3400000,97.1200000,96.0000000,97.1200000
AFLT,D,290419,000000,96.8800000,97.5000000,96.5400000,96.9800000
AFLT,D,300419,000000,96.9400000,97.3000000,96.3200000,96.3200000
AFLT,D,020519,000000,96.4200000,96.8600000,95.5200000,96.8600000
AFLT,D,030519,000000,96.9200000,96.9800000,96.1400000,96.7000000
AFLT,D,060519,000000,93.6400000,95.5600000,92.7000000,94.9400000
AFLT,D,070519,000000,95.0000000,95.4200000,94.3000000,94.5000000
AFLT,D,080519,000000,94.5000000,94.9800000,94.2400000,94.2400000
AFLT,D,100519,000000,94.3600000,94.5800000,92.9000000,92.9000000
AFLT,D,130519,000000,93.5000000,93.7000000,91.1600000,91.2800000
AFLT,D,140519,000000,91.4000000,92.9000000,91.2600000,91.6000000
AFLT,D,150519,000000,91.9800000,92.3000000,90.0800000,90.0800000
AFLT,D,160519,000000,90.3600000,92.9600000,90.1200000,91.6800000
AFLT,D,170519,000000,91.6800000,92.4800000,91.0200000,91.9600000
AFLT,D,200519,000000,92.1000000,92.2000000,90.8400000,91.0800000
AFLT,D,210519,000000,91.1400000,91.6000000,90.3200000,90.7600000
AFLT,D,220519,000000,90.6000000,91.3800000,90.2000000,91.0000000
AFLT,D,230519,000000,91.2600000,91.4800000,90.6000000,90.7400000
AFLT,D,240519,000000,90.9800000,91.7200000,90.9400000,91.0000000
AFLT,D,270519,000000,91.1800000,91.4400000,90.6400000,91.2000000
AFLT,D,280519,000000,91.3800000,91.5800000,90.6800000,90.6800000
AFLT,D,290519,000000,90.7800000,91.2000000,89.7000000,91.1200000
AFLT,D,300519,000000,91.1200000,91.4800000,90.3600000,90.4200000
AFLT,D,310519,000000,90.5600000,94.6000000,90.5000000,93.8000000
AFLT,D,030619,000000,93.4000000,96.8000000,93.2200000,96.8000000
AFLT,D,040619,000000,97.0400000,98.5000000,95.7600000,96.3400000
AFLT,D,050619,000000,96.4000000,96.8400000,94.5000000,96.1000000
AFLT,D,060619,000000,96.1000000,97.3600000,95.5600000,96.0200000
AFLT,D,070619,000000,95.8400000,96.7000000,95.2400000,95.8600000
AFLT,D,100619,000000,95.8000000,96.6200000,95.0000000,95.4000000
AFLT,D,110619,000000,95.4000000,96.8600000,95.1200000,95.6000000
AFLT,D,130619,000000,95.7000000,98.4000000,95.4400000,98.1800000
AFLT,D,140619,000000,98.3400000,98.8000000,97.1600000,97.6600000
AFLT,D,170619,000000,97.9000000,100.8200000,97.7800000,100.3800000
AFLT,D,180619,000000,100.0000000,101.8200000,99.0200000,99.3000000
AFLT,D,190619,000000,99.6800000,99.9200000,98.3400000,99.2600000
AFLT,D,200619,000000,98.7800000,99.8800000,97.3200000,98.9000000
AFLT,D,210619,000000,99.2000000,100.6600000,98.9800000,100.0400000
AFLT,D,240619,000000,100.2000000,100.8800000,99.8200000,100.2400000
AFLT,D,250619,000000,100.1800000,102.2000000,99.9000000,101.3000000
AFLT,D,260619,000000,101.4000000,102.4000000,101.0400000,101.5200000
AFLT,D,270619,000000,101.5400000,102.8000000,101.3000000,102.3200000
AFLT,D,280619,000000,102.3800000,102.7400000,101.2200000,101.7600000
AFLT,D,010719,000000,102.0200000,102.3000000,100.0600000,101.4600000
AFLT,D,020719,000000,101.0000000,101.3800000,100.7000000,100.9000000
AFLT,D,030719,000000,101.2600000,104.6000000,101.2200000,104.6000000
AFLT,D,040719,000000,102.5200000,110.8000000,102.4400000,110.6000000
AFLT,D,050719,000000,110.9200000,112.8000000,108.2000000,110.0000000
AFLT,D,080719,000000,109.0000000,110.3200000,107.5400000,108.5000000
AFLT,D,090719,000000,108.0000000,108.7600000,105.5600000,106.9400000
AFLT,D,100719,000000,106.9000000,109.8400000,106.4200000,108.6200000
AFLT,D,110719,000000,108.8000000,109.4800000,106.7000000,107.8200000
AFLT,D,120719,000000,107.9400000,109.8000000,107.0000000,109.0800000
AFLT,D,150719,000000,109.1400000,111.3200000,108.5000000,108.5000000
AFLT,D,160719,000000,108.7000000,109.3400000,107.5600000,107.7000000
AFLT,D,170719,000000,107.7000000,108.3400000,106.2600000,108.2000000
AFLT,D,180719,000000,107.9600000,108.6400000,107.0400000,107.5400000
AFLT,D,190719,000000,107.8600000,108.6200000,107.6200000,108.0200000
AFLT,D,220719,000000,108.3000000,108.5400000,107.6000000,108.2000000
AFLT,D,230719,000000,108.0800000,108.2200000,107.3600000,108.1000000
AFLT,D,240719,000000,108.0800000,109.8200000,106.5400000,106.7800000
AFLT,D,250719,000000,107.3000000,108.3600000,105.6800000,107.5000000
AFLT,D,260719,000000,107.9800000,108.1400000,107.2000000,107.5800000
AFLT,D,290719,000000,107.7000000,108.3000000,107.2200000,107.3000000
AFLT,D,300719,000000,106.9600000,107.5000000,106.6000000,106.7200000
AFLT,D,310719,000000,106.7200000,108.0800000,106.7200000,106.9400000
AFLT,D,010819,000000,107.1400000,109.7400000,106.3200000,107.7000000
AFLT,D,020819,000000,105.5800000,107.2600000,104.5000000,106.6200000
AFLT,D,050819,000000,106.2800000,106.8200000,102.6000000,103.5000000
AFLT,D,060819,000000,103.3600000,106.0000000,103.2000000,104.7000000
AFLT,D,070819,000000,104.7000000,105.8200000,103.6000000,105.2800000
AFLT,D,080819,000000,105.3600000,109.0800000,105.1200000,108.8800000
AFLT,D,090819,000000,109.2800000,110.3600000,107.4000000,108.8000000
AFLT,D,120819,000000,109.1400000,111.0000000,109.1400000,110.5000000
AFLT,D,130819,000000,110.3000000,111.9600000,110.0800000,110.3600000
AFLT,D,140819,000000,110.6000000,111.3600000,110.1800000,110.8600000
AFLT,D,150819,000000,110.9800000,112.4200000,110.5000000,112.3000000
AFLT,D,160819,000000,112.3000000,112.4800000,108.8000000,110.4000000
AFLT,D,190819,000000,110.9800000,111.2600000,108.7600000,109.4000000
AFLT,D,200819,000000,109.4800000,109.6000000,108.2200000,109.2400000
AFLT,D,210819,000000,109.0400000,111.7000000,108.7000000,111.3000000
AFLT,D,220819,000000,111.3200000,111.8400000,102.0000000,110.0000000
AFLT,D,230819,000000,110.0600000,110.3600000,108.3200000,108.5600000
AFLT,D,260819,000000,108.4800000,109.5200000,107.6000000,109.3800000
AFLT,D,270819,000000,109.3000000,109.8400000,108.5400000,109.0200000
AFLT,D,280819,000000,108.8600000,109.6000000,108.7000000,109.4000000
AFLT,D,290819,000000,109.5000000,109.7000000,108.5600000,109.0000000
AFLT,D,300819,000000,108.7800000,110.3200000,107.7200000,109.7400000
AFLT,D,020919,000000,109.5600000,109.7400000,107.8000000,107.8400000
AFLT,D,030919,000000,107.8000000,108.0000000,104.9000000,106.5200000
AFLT,D,040919,000000,106.4400000,106.7600000,104.7000000,106.2200000
AFLT,D,050919,000000,106.2200000,106.3000000,105.3000000,105.8600000
AFLT,D,060919,000000,105.8600000,105.9400000,104.4000000,104.4800000
AFLT,D,090919,000000,104.7200000,106.5800000,104.7200000,106.3800000
AFLT,D,100919,000000,106.4600000,107.2400000,105.5600000,105.7000000
AFLT,D,110919,000000,105.7200000,106.7000000,105.7200000,106.5000000
AFLT,D,120919,000000,106.8000000,106.8000000,105.7000000,106.3600000
AFLT,D,130919,000000,106.5600000,107.3200000,106.1000000,106.4600000
AFLT,D,160919,000000,106.0200000,106.0200000,102.0600000,102.0600000
AFLT,D,170919,000000,102.0200000,104.3600000,101.5600000,102.6000000
AFLT,D,180919,000000,103.3200000,103.3200000,102.1200000,102.5000000
AFLT,D,190919,000000,102.6400000,103.0800000,101.6000000,101.9000000
AFLT,D,200919,000000,102.0400000,103.0000000,101.6600000,102.6400000
AFLT,D,230919,000000,102.8000000,102.9400000,101.6600000,102.3600000
AFLT,D,240919,000000,102.6000000,103.1600000,101.7000000,101.7000000
AFLT,D,250919,000000,101.8600000,102.6600000,101.2400000,102.0000000
AFLT,D,260919,000000,102.3800000,103.3200000,102.1400000,102.9800000
AFLT,D,270919,000000,102.7600000,104.2600000,102.6800000,103.4000000
AFLT,D,300919,000000,103.8600000,104.1000000,102.7400000,103.1800000
AFLT,D,011019,000000,103.7600000,103.9600000,103.2400000,103.5000000
AFLT,D,021019,000000,103.5000000,103.8800000,102.2000000,102.6000000
AFLT,D,031019,000000,102.2400000,102.6000000,100.1400000,100.3400000
AFLT,D,041019,000000,100.9800000,101.4200000,99.2000000,99.3000000
AFLT,D,071019,000000,99.6600000,100.2200000,98.0800000,99.2600000
AFLT,D,081019,000000,99.3200000,100.6800000,99.1200000,99.5000000
AFLT,D,091019,000000,99.5000000,101.5200000,99.3400000,100.0200000
AFLT,D,101019,000000,100.2000000,101.3200000,99.8200000,101.2600000
AFLT,D,111019,000000,101.6600000,101.8600000,100.0000000,100.1800000
AFLT,D,141019,000000,100.3800000,103.3800000,98.4600000,102.8000000
AFLT,D,151019,000000,102.8000000,104.1000000,101.8400000,103.2000000
AFLT,D,161019,000000,103.4200000,104.7000000,102.7800000,104.3400000
AFLT,D,171019,000000,104.3400000,106.1000000,104.0200000,105.8800000
AFLT,D,181019,000000,105.5000000,106.0200000,104.1800000,104.8000000
AFLT,D,211019,000000,104.9000000,105.4000000,104.2800000,104.8000000
AFLT,D,221019,000000,104.6000000,105.0800000,103.3000000,103.5000000
AFLT,D,231019,000000,103.4600000,104.6800000,103.2000000,103.5000000
AFLT,D,241019,000000,103.8000000,104.5800000,102.7200000,103.0000000
AFLT,D,251019,000000,103.3000000,103.5000000,102.3400000,102.8000000
AFLT,D,281019,000000,103.0400000,103.4800000,102.4600000,103.0000000
AFLT,D,291019,000000,103.1000000,105.3000000,103.0400000,104.5000000
AFLT,D,301019,000000,104.5000000,105.9400000,104.3400000,105.8000000
AFLT,D,311019,000000,105.8400000,107.9400000,105.7000000,106.9000000
AFLT,D,011119,000000,107.0200000,107.2600000,104.6600000,105.2600000
AFLT,D,051119,000000,105.6800000,107.3400000,104.8000000,106.0400000
AFLT,D,061119,000000,106.2400000,106.8800000,105.6800000,106.2200000
AFLT,D,071119,000000,106.3000000,107.2600000,106.1000000,106.3400000
AFLT,D,081119,000000,106.3600000,106.8000000,105.3200000,106.1600000
AFLT,D,111119,000000,106.0000000,106.7200000,103.8400000,104.5800000
AFLT,D,121119,000000,104.1600000,105.2000000,103.8000000,104.3400000
AFLT,D,131119,000000,104.1000000,105.3600000,103.6000000,104.0000000
AFLT,D,141119,000000,104.6000000,105.3800000,104.1400000,105.2800000
AFLT,D,151119,000000,105.3200000,106.2200000,104.5400000,105.4000000
AFLT,D,181119,000000,105.5800000,106.8000000,105.4200000,106.8000000
AFLT,D,191119,000000,106.7200000,107.0000000,105.7200000,106.1000000
AFLT,D,201119,000000,104.9400000,105.3600000,103.6400000,104.2000000
AFLT,D,211119,000000,104.1200000,104.8600000,104.0000000,104.4600000
AFLT,D,221119,000000,104.6600000,105.4800000,104.4000000,104.6600000
AFLT,D,251119,000000,105.1000000,105.7800000,104.8800000,105.5000000
AFLT,D,261119,000000,105.5800000,106.3600000,105.2800000,105.2800000
AFLT,D,271119,000000,105.5800000,105.9600000,105.2000000,105.4200000
AFLT,D,281119,000000,105.6000000,106.0600000,104.5600000,104.5600000
AFLT,D,291119,000000,104.9200000,105.5800000,102.6000000,102.8400000
AFLT,D,021219,000000,102.9600000,104.2400000,101.7400000,102.2400000
AFLT,D,031219,000000,102.2800000,102.4000000,100.4800000,100.7000000
AFLT,D,041219,000000,101.0200000,101.4400000,99.7600000,101.2000000
AFLT,D,051219,000000,101.1800000,102.4200000,101.1800000,102.1800000
AFLT,D,061219,000000,102.3400000,102.6600000,101.7000000,102.2000000
AFLT,D,091219,000000,102.2200000,103.2000000,101.8800000,103.0800000
AFLT,D,101219,000000,102.7600000,103.1400000,101.2000000,102.0200000
AFLT,D,111219,000000,102.1600000,104.0400000,101.9200000,103.9400000
AFLT,D,121219,000000,104.0600000,105.8600000,104.0400000,105.1000000
AFLT,D,131219,000000,105.4600000,105.7000000,104.2400000,104.9800000
AFLT,D,161219,000000,105.1000000,105.4400000,104.4200000,105.1000000
AFLT,D,171219,000000,104.9800000,106.0200000,104.9000000,105.7600000
AFLT,D,181219,000000,105.7800000,105.8400000,104.8000000,105.0000000
AFLT,D,191219,000000,105.0400000,105.4000000,104.0400000,104.4800000
AFLT,D,201219,000000,104.4000000,104.8400000,103.2000000,103.7000000
AFLT,D,231219,000000,103.9000000,104.2400000,103.5200000,104.0800000
AFLT,D,241219,000000,104.0600000,104.2000000,103.0400000,103.0800000
AFLT,D,251219,000000,103.2200000,103.4800000,102.8000000,103.3400000
AFLT,D,261219,000000,103.2800000,104.0800000,103.2000000,103.9400000
AFLT,D,271219,000000,103.8800000,104.3600000,103.4200000,103.7800000
AFLT,D,301219,000000,103.9000000,104.1800000,103.5000000,103.5000000
AFLT,D,030120,000000,103.3200000,103.9000000,103.1200000,103.3400000
AFLT,D,060120,000000,103.2400000,103.8000000,103.0000000,103.5200000
AFLT,D,080120,000000,103.0600000,103.6800000,102.4200000,102.8800000
AFLT,D,090120,000000,103.3400000,105.1800000,103.1400000,104.5000000
AFLT,D,100120,000000,104.7800000,105.8800000,104.2200000,105.0400000
AFLT,D,130120,000000,105.5400000,105.7800000,105.1000000,105.3000000
AFLT,D,140120,000000,105.6000000,110.2000000,105.3600000,108.5000000
AFLT,D,150120,000000,108.6000000,111.7800000,108.5000000,110.7000000
AFLT,D,160120,000000,111.0400000,112.0000000,109.8200000,109.8600000
AFLT,D,170120,000000,109.8600000,111.3400000,109.3200000,110.7400000
AFLT,D,200120,000000,110.8200000,115.5800000,110.6800000,115.0000000
AFLT,D,210120,000000,115.1000000,115.1600000,113.2600000,113.9000000
AFLT,D,220120,000000,114.0200000,115.3800000,112.5400000,114.5800000
AFLT,D,230120,000000,114.2000000,117.2000000,112.6600000,115.5000000
AFLT,D,240120,000000,116.0000000,116.2600000,114.7000000,114.8200000
AFLT,D,270120,000000,112.9000000,112.9000000,108.3000000,110.7000000
AFLT,D,280120,000000,110.7000000,110.8000000,107.0200000,108.8000000
AFLT,D,290120,000000,109.1200000,109.6800000,107.7400000,108.0000000
AFLT,D,300120,000000,107.4400000,109.4000000,105.7400000,107.8000000
AFLT,D,310120,000000,108.5000000,108.8000000,107.0400000,107.4000000
AFLT,D,030220,000000,107.0000000,109.9000000,106.4600000,109.3000000
AFLT,D,040220,000000,110.2800000,113.3400000,109.7800000,111.9400000
AFLT,D,050220,000000,112.5200000,118.2800000,112.2200000,117.4600000
AFLT,D,060220,000000,118.0800000,120.8000000,117.6600000,118.9800000
AFLT,D,070220,000000,119.0000000,119.8000000,117.0000000,119.6200000
AFLT,D,100220,000000,119.7000000,121.0000000,117.2600000,118.3000000
AFLT,D,110220,000000,118.4400000,119.4800000,116.1600000,117.3800000
AFLT,D,120220,000000,117.7200000,119.8200000,117.3200000,119.5200000
AFLT,D,130220,000000,119.2000000,121.6400000,118.4000000,119.5000000
AFLT,D,140220,000000,119.5200000,119.8600000,118.1400000,119.4000000
AFLT,D,170220,000000,119.7600000,120.4000000,119.5000000,120.3000000
AFLT,D,180220,000000,120.1000000,120.1000000,116.5200000,117.7000000
AFLT,D,190220,000000,117.5000000,119.2000000,116.7600000,117.4000000
AFLT,D,200220,000000,118.0200000,118.4000000,115.4000000,115.9600000
AFLT,D,210220,000000,115.6200000,116.4800000,114.3000000,115.8600000
AFLT,D,250220,000000,112.4600000,113.8600000,109.5000000,109.8000000
AFLT,D,260220,000000,108.9200000,109.0000000,104.5800000,108.2200000
AFLT,D,270220,000000,106.6800000,107.0400000,100.1400000,100.2400000
AFLT,D,280220,000000,97.6800000,98.2200000,90.1000000,92.9400000
AFLT,D,020320,000000,95.4000000,99.7000000,91.3200000,93.1800000
AFLT,D,030320,000000,95.7000000,96.5000000,92.7600000,93.8400000
AFLT,D,040320,000000,93.3200000,93.5800000,91.3200000,92.6000000
AFLT,D,050320,000000,92.9800000,93.6400000,88.5200000,89.5400000
AFLT,D,060320,000000,86.3400000,87.2600000,83.0400000,85.0800000
AFLT,D,100320,000000,77.0000000,84.9400000,75.0200000,80.2000000
AFLT,D,110320,000000,80.9000000,81.7800000,76.8000000,77.8200000
AFLT,D,120320,000000,72.1600000,75.0000000,67.7600000,71.0800000
AFLT,D,130320,000000,69.6000000,76.1800000,69.0000000,73.9600000
AFLT,D,160320,000000,71.2200000,71.4600000,65.0000000,68.6800000
AFLT,D,170320,000000,67.0400000,69.7800000,62.7000000,64.5800000
AFLT,D,180320,000000,63.2200000,63.2800000,56.5200000,56.7000000
AFLT,D,190320,000000,55.9600000,59.8400000,51.0200000,58.6200000
AFLT,D,200320,000000,59.9000000,69.4600000,59.9000000,64.3200000
AFLT,D,230320,000000,60.1200000,66.2000000,58.0000000,62.7000000
AFLT,D,240320,000000,66.0200000,69.2200000,65.0400000,68.4200000
AFLT,D,250320,000000,71.0800000,78.5600000,66.0000000,72.6800000
AFLT,D,260320,000000,71.2000000,72.5600000,67.6200000,70.6000000
AFLT,D,270320,000000,71.2800000,72.0000000,65.8000000,66.7800000
AFLT,D,300320,000000,65.6800000,66.7000000,62.8800000,65.4800000
AFLT,D,310320,000000,66.0600000,69.2000000,66.0400000,68.3800000
AFLT,D,010420,000000,67.0000000,68.3000000,66.5000000,68.0000000
AFLT,D,020420,000000,69.5600000,71.4000000,66.1600000,68.8000000
AFLT,D,030420,000000,68.6200000,70.6800000,68.0400000,69.8600000
AFLT,D,060420,000000,70.4000000,73.3600000,69.0600000,72.7200000
AFLT,D,070420,000000,74.3600000,77.9000000,74.1600000,75.8200000
AFLT,D,080420,000000,75.3800000,77.0000000,74.8400000,77.0000000
AFLT,D,090420,000000,77.5800000,79.5800000,77.3200000,78.4800000
AFLT,D,100420,000000,77.9000000,78.8400000,76.8200000,78.8000000
AFLT,D,130420,000000,78.8400000,79.5000000,75.2600000,76.5000000
AFLT,D,140420,000000,76.7400000,77.5000000,75.0800000,75.3600000
AFLT,D,150420,000000,75.1200000,75.1200000,71.7200000,72.1000000
AFLT,D,160420,000000,72.4400000,74.4400000,70.7000000,73.4200000
AFLT,D,170420,000000,74.8800000,75.4800000,72.5200000,74.2000000
AFLT,D,200420,000000,74.0200000,74.3000000,72.8200000,73.2800000
AFLT,D,210420,000000,72.0200000,74.4400000,71.4000000,73.9400000
AFLT,D,220420,000000,73.9200000,75.9600000,73.3600000,75.1200000
AFLT,D,230420,000000,75.4400000,76.5200000,74.3400000,75.0000000
AFLT,D,240420,000000,74.8600000,74.9800000,73.2000000,73.6200000
AFLT,D,270420,000000,73.9800000,74.8000000,73.8000000,74.3800000
AFLT,D,280420,000000,74.4000000,75.9000000,74.1000000,75.4400000
AFLT,D,290420,000000,75.5000000,76.8800000,75.3200000,76.5000000
AFLT,D,300420,000000,76.8000000,77.8600000,74.4200000,75.7600000
AFLT,D,040520,000000,74.9800000,75.0000000,73.2000000,74.4000000
AFLT,D,050520,000000,74.9800000,75.8800000,74.5200000,75.7000000
AFLT,D,060520,000000,75.9000000,76.2400000,75.0200000,75.3000000
AFLT,D,070520,000000,75.4800000,75.9800000,73.6000000,74.1000000
AFLT,D,080520,000000,74.5400000,74.7000000,72.3000000,72.8800000
AFLT,D,120520,000000,73.0200000,73.4200000,71.9000000,72.3200000
AFLT,D,130520,000000,72.3400000,73.3600000,71.4000000,72.0000000
AFLT,D,140520,000000,71.9000000,72.9000000,71.6600000,72.1600000
AFLT,D,150520,000000,72.3400000,72.8000000,70.7000000,70.9400000
AFLT,D,180520,000000,71.6400000,71.9000000,70.0400000,71.5600000
AFLT,D,190520,000000,72.0200000,73.2000000,71.7800000,72.6200000
AFLT,D,200520,000000,72.7600000,73.4800000,72.2000000,73.0200000
AFLT,D,210520,000000,73.2000000,74.0000000,72.1400000,72.6800000
AFLT,D,220520,000000,72.2400000,73.1000000,70.9000000,73.0000000
AFLT,D,250520,000000,73.3000000,73.9000000,72.7200000,73.6000000
AFLT,D,260520,000000,74.0200000,75.2400000,73.7200000,74.4600000
AFLT,D,270520,000000,74.5400000,79.7000000,74.1600000,77.9000000
AFLT,D,280520,000000,78.5000000,79.7000000,77.8600000,79.2000000
AFLT,D,290520,000000,79.1000000,79.5400000,76.8800000,78.0600000
AFLT,D,010620,000000,78.5000000,82.7000000,78.5000000,81.8800000
AFLT,D,020620,000000,82.6200000,85.0000000,81.9000000,84.4000000
AFLT,D,030620,000000,85.0600000,87.6000000,84.7000000,86.6000000
AFLT,D,040620,000000,86.7000000,89.0000000,85.1000000,85.9600000
AFLT,D,050620,000000,86.6000000,89.8800000,85.6400000,89.8000000
AFLT,D,080620,000000,90.5600000,95.7000000,90.1600000,95.7000000
AFLT,D,090620,000000,96.7200000,97.7400000,91.5800000,92.4000000
AFLT,D,100620,000000,92.6200000,93.9800000,87.5800000,89.2800000
AFLT,D,110620,000000,87.9600000,88.8400000,85.2400000,87.7000000
AFLT,D,150620,000000,85.5200000,88.2400000,83.6200000,87.6400000
AFLT,D,160620,000000,89.0200000,90.8600000,88.7000000,89.6000000
AFLT,D,170620,000000,90.2200000,90.3400000,84.6800000,85.0000000
AFLT,D,180620,000000,82.8600000,84.1400000,80.3400000,81.0000000
AFLT,D,190620,000000,81.6000000,83.2000000,81.1600000,81.7000000
AFLT,D,220620,000000,81.7000000,83.9800000,80.2600000,82.1000000
AFLT,D,230620,000000,82.0000000,82.4800000,80.4000000,81.2000000
AFLT,D,250620,000000,79.7600000,80.8000000,78.2200000,80.5800000
AFLT,D,260620,000000,80.5600000,81.4400000,78.7600000,79.3800000
AFLT,D,290620,000000,79.0400000,83.0000000,77.4400000,82.9000000
AFLT,D,300620,000000,82.6600000,83.6200000,80.9800000,82.3400000
AFLT,D,020720,000000,82.3600000,84.2200000,81.4000000,81.6200000
AFLT,D,030720,000000,80.9000000,81.3800000,79.5600000,80.9800000
AFLT,D,060720,000000,81.3800000,82.6400000,80.5000000,81.2400000
AFLT,D,070720,000000,81.0400000,81.4200000,80.1200000,80.2800000
AFLT,D,080720,000000,80.3800000,81.3800000,80.1200000,80.9000000
AFLT,D,090720,000000,80.9400000,82.0000000,80.4000000,80.8800000
AFLT,D,100720,000000,80.5000000,81.7600000,80.2200000,81.5600000
AFLT,D,130720,000000,81.6200000,82.7000000,80.4400000,80.8400000
AFLT,D,140720,000000,81.0400000,81.6800000,79.6400000,81.6600000
AFLT,D,150720,000000,81.7200000,83.3000000,81.2600000,83.3000000
AFLT,D,160720,000000,82.4400000,83.3200000,82.0800000,82.3000000
AFLT,D,170720,000000,82.3800000,83.3400000,82.1200000,83.2000000
AFLT,D,200720,000000,83.2000000,84.9600000,82.6000000,84.4400000
AFLT,D,210720,000000,85.0400000,87.9400000,84.8800000,87.5600000
AFLT,D,220720,000000,88.0000000,88.7800000,85.2000000,86.0800000
AFLT,D,230720,000000,86.1200000,86.9200000,84.7000000,85.1400000
AFLT,D,240720,000000,85.4000000,89.4000000,84.2800000,88.3600000
AFLT,D,270720,000000,88.5600000,89.5000000,86.4400000,87.6400000
AFLT,D,280720,000000,87.5000000,87.6600000,82.8600000,83.7400000
AFLT,D,290720,000000,83.4400000,84.3600000,82.1000000,83.5000000
AFLT,D,300720,000000,83.6200000,83.8000000,81.7000000,82.5400000
AFLT,D,310720,000000,82.5400000,83.5400000,82.1800000,83.2000000
AFLT,D,030820,000000,83.2000000,84.2800000,83.1800000,83.8600000
AFLT,D,040820,000000,83.7400000,84.0800000,81.7200000,82.0800000
AFLT,D,050820,000000,82.1000000,82.7200000,80.5200000,81.9600000
AFLT,D,060820,000000,79.9800000,83.1200000,78.2200000,82.0600000
AFLT,D,070820,000000,81.8000000,82.1800000,81.3800000,81.4800000
AFLT,D,100820,000000,81.6600000,83.2000000,81.5600000,83.0000000
AFLT,D,110820,000000,83.2200000,83.8000000,82.7000000,83.2200000
AFLT,D,120820,000000,83.5600000,89.1800000,83.1200000,85.8200000
AFLT,D,130820,000000,85.5200000,88.0000000,85.4800000,86.2600000
AFLT,D,140820,000000,86.3000000,86.9000000,85.1400000,86.1000000
AFLT,D,170820,000000,86.2000000,86.6000000,84.4000000,84.9600000
AFLT,D,180820,000000,85.0800000,85.1400000,83.1200000,83.4400000
AFLT,D,190820,000000,83.5400000,83.9200000,82.4600000,83.5000000
AFLT,D,200820,000000,83.5000000,83.8400000,82.8000000,83.2600000
AFLT,D,210820,000000,83.3000000,83.8800000,82.6000000,83.1200000
AFLT,D,240820,000000,83.9400000,84.3600000,83.4600000,84.1200000
AFLT,D,250820,000000,84.1800000,91.1800000,81.8200000,83.0000000
AFLT,D,260820,000000,83.0200000,83.9400000,82.8600000,83.3800000
AFLT,D,270820,000000,83.3800000,83.4000000,82.3800000,82.8600000
AFLT,D,280820,000000,83.0200000,83.0800000,81.9000000,82.2400000
AFLT,D,310820,000000,82.6400000,82.8800000,80.0000000,81.0200000
AFLT,D,010920,000000,80.9000000,82.4000000,80.2400000,82.1400000
AFLT,D,020920,000000,82.1000000,82.6000000,80.8800000,81.4000000
AFLT,D,030920,000000,81.4400000,82.5000000,80.7800000,80.8600000
AFLT,D,040920,000000,81.2600000,82.3200000,80.6000000,81.8000000
AFLT,D,070920,000000,81.8000000,82.3200000,81.3200000,81.9600000
AFLT,D,080920,000000,82.0000000,82.2600000,80.6800000,81.2600000
AFLT,D,090920,000000,81.1400000,82.2000000,80.9600000,81.9800000
AFLT,D,100920,000000,82.0800000,82.1200000,81.1600000,81.6600000
AFLT,D,110920,000000,81.5600000,82.8000000,81.4000000,81.7200000
AFLT,D,140920,000000,82.0000000,82.5000000,80.7000000,82.0400000
AFLT,D,150920,000000,82.2000000,82.4400000,81.7800000,82.3800000
AFLT,D,160920,000000,82.3800000,83.7600000,82.2400000,82.6600000
AFLT,D,170920,000000,82.4600000,83.0800000,82.0200000,82.2000000
AFLT,D,180920,000000,82.3600000,82.4000000,81.2000000,81.7800000
AFLT,D,210920,000000,80.9800000,81.0000000,77.5800000,79.3000000
AFLT,D,220920,000000,79.1800000,79.3000000,76.8600000,77.8000000
AFLT,D,230920,000000,77.6600000,77.8800000,76.4800000,77.1200000
AFLT,D,240920,000000,77.4400000,77.4400000,75.5400000,75.7000000
AFLT,D,250920,000000,76.0000000,76.4600000,73.1000000,74.1800000
AFLT,D,280920,000000,74.2000000,76.3800000,73.2400000,75.7800000
AFLT,D,290920,000000,76.4200000,76.4200000,73.5800000,74.4200000
AFLT,D,300920,000000,74.1000000,74.7000000,73.7000000,74.1200000
AFLT,D,011020,000000,74.3000000,74.3600000,70.5000000,71.1600000
AFLT,D,021020,000000,70.0000000,71.6400000,68.0000000,69.0000000
AFLT,D,051020,000000,69.0200000,69.2000000,65.0000000,65.7400000
AFLT,D,061020,000000,65.6400000,69.1400000,65.0200000,67.5600000
AFLT,D,071020,000000,67.7200000,68.3000000,64.7200000,65.8600000
AFLT,D,081020,000000,64.0000000,64.9200000,61.8000000,62.7200000
AFLT,D,091020,000000,60.7200000,61.5000000,59.0000000,60.2600000
AFLT,D,121020,000000,60.7200000,60.9400000,59.4000000,59.6600000
AFLT,D,131020,000000,59.6400000,59.8000000,57.6600000,57.6800000
AFLT,D,141020,000000,57.7800000,59.3400000,57.1200000,59.0600000
AFLT,D,151020,000000,59.1400000,59.6000000,57.1600000,57.9800000
AFLT,D,161020,000000,58.2000000,59.1400000,57.6600000,58.2000000
AFLT,D,191020,000000,58.3800000,58.8800000,57.9000000,58.5600000
AFLT,D,201020,000000,58.5600000,58.7000000,57.4800000,58.4000000
AFLT,D,211020,000000,58.1600000,58.8600000,58.0000000,58.4200000
AFLT,D,221020,000000,58.4200000,59.6200000,58.2600000,59.6000000
AFLT,D,231020,000000,59.4800000,60.5800000,59.4800000,59.8200000
AFLT,D,261020,000000,59.7400000,60.3000000,58.0400000,58.4400000
AFLT,D,271020,000000,58.6000000,58.6600000,57.1000000,57.5800000
AFLT,D,281020,000000,57.5000000,57.7000000,55.0200000,55.0800000
AFLT,D,291020,000000,55.3000000,57.4400000,54.5000000,56.7200000
AFLT,D,301020,000000,55.9200000,57.8800000,55.3000000,57.3000000
AFLT,D,021120,000000,57.2400000,57.2600000,55.1000000,56.4800000
AFLT,D,031120,000000,56.9000000,58.7000000,56.5400000,58.0000000
AFLT,D,051120,000000,58.6200000,60.1000000,58.0600000,58.9400000
AFLT,D,061120,000000,59.0600000,59.8600000,58.4000000,59.6600000
AFLT,D,091120,000000,59.9800000,68.1000000,58.8000000,65.1200000
AFLT,D,101120,000000,64.9000000,66.2000000,63.7200000,65.3400000
AFLT,D,111120,000000,65.4000000,67.7800000,65.3400000,66.9400000
AFLT,D,121120,000000,66.4600000,66.8000000,64.8000000,64.9600000
AFLT,D,131120,000000,65.4000000,67.3000000,64.3600000,67.3000000
AFLT,D,161120,000000,67.7200000,70.2000000,67.7200000,69.4400000
AFLT,D,171120,000000,69.6000000,70.0400000,66.3400000,67.5000000
AFLT,D,181120,000000,67.3000000,69.8000000,66.9400000,68.0800000
AFLT,D,191120,000000,68.3200000,69.2200000,67.1000000,68.5400000
AFLT,D,201120,000000,68.2200000,69.2200000,68.0200000,68.9800000
AFLT,D,231120,000000,69.0200000,70.1000000,68.8200000,69.4800000
AFLT,D,241120,000000,69.7400000,72.6200000,69.3600000,72.6200000
AFLT,D,251120,000000,72.7400000,74.9800000,70.7600000,72.1800000
AFLT,D,261120,000000,72.2600000,73.0800000,70.3200000,71.2400000
AFLT,D,271120,000000,71.2800000,72.2800000,70.4000000,72.0000000
AFLT,D,301120,000000,71.5600000,72.6200000,70.7000000,71.6600000
AFLT,D,011220,000000,72.0200000,72.4200000,71.4600000,72.1800000
AFLT,D,021220,000000,72.0400000,72.5000000,71.7000000,72.5000000
AFLT,D,031220,000000,72.2800000,74.3200000,72.2400000,74.0000000
AFLT,D,041220,000000,74.1800000,75.4800000,73.3400000,74.1400000
AFLT,D,071220,000000,74.2200000,75.1200000,73.6000000,74.0000000
AFLT,D,081220,000000,74.0000000,74.0000000,71.3600000,72.7000000
AFLT,D,091220,000000,72.9600000,73.2600000,71.5200000,72.0000000
AFLT,D,101220,000000,71.9800000,72.4000000,71.1000000,72.1800000
AFLT,D,111220,000000,71.9600000,73.0800000,71.1000000,71.7600000
AFLT,D,141220,000000,71.9000000,72.2400000,69.5400000,71.0800000
AFLT,D,151220,000000,70.8600000,71.1000000,69.6000000,70.2400000
AFLT,D,161220,000000,70.1000000,71.4800000,69.7600000,71.4600000
AFLT,D,171220,000000,71.5200000,72.2000000,70.6000000,71.1000000
AFLT,D,181220,000000,71.0000000,72.3800000,70.7400000,71.4000000
AFLT,D,211220,000000,70.9000000,70.9000000,66.5400000,68.7600000
AFLT,D,221220,000000,67.9400000,69.7000000,67.5000000,68.7400000
AFLT,D,231220,000000,68.6000000,69.8800000,68.3200000,69.4200000
AFLT,D,241220,000000,69.5000000,69.6600000,68.7200000,68.9800000
AFLT,D,251220,000000,69.1200000,69.2200000,68.6800000,69.1400000
AFLT,D,281220,000000,69.2400000,70.2600000,69.1200000,69.6200000
AFLT,D,291220,000000,69.7400000,71.6400000,69.5000000,70.6200000
AFLT,D,301220,000000,70.8000000,71.9800000,70.6600000,71.4400000
AFLT,D,040121,000000,71.8000000,73.1000000,71.6000000,72.0600000
AFLT,D,050121,000000,72.1200000,72.8600000,71.8000000,72.7400000
AFLT,D,060121,000000,72.9000000,73.7800000,72.6200000,72.9600000
AFLT,D,080121,000000,73.3200000,73.8200000,73.0000000,73.5800000
AFLT,D,110121,000000,73.3600000,74.5600000,72.6800000,74.0800000
AFLT,D,120121,000000,73.9600000,74.5400000,73.1200000,74.1800000
AFLT,D,130121,000000,74.1200000,74.3800000,72.9200000,73.5000000
AFLT,D,140121,000000,73.4200000,73.7600000,72.7400000,73.1600000
AFLT,D,150121,000000,73.0800000,73.6000000,72.0800000,72.3000000
AFLT,D,180121,000000,72.4000000,73.0000000,72.2200000,72.7800000
AFLT,D,190121,000000,72.9600000,74.3000000,72.6800000,73.7200000
AFLT,D,200121,000000,73.7000000,74.2800000,73.3000000,73.7200000
AFLT,D,210121,000000,73.8400000,73.9800000,72.2400000,72.5000000
AFLT,D,220121,000000,72.4600000,72.7400000,71.1200000,71.8400000
AFLT,D,250121,000000,72.1800000,72.4600000,70.2000000,71.1400000
AFLT,D,260121,000000,70.9000000,71.1000000,70.2200000,70.7600000
AFLT,D,270121,000000,70.8000000,71.1600000,69.7200000,69.8800000
AFLT,D,280121,000000,69.7000000,71.1000000,69.1200000,71.0000000
AFLT,D,290121,000000,71.0000000,71.1000000,69.7200000,69.8800000
AFLT,D,010221,000000,70.2800000,70.5600000,69.3800000,70.3400000
AFLT,D,020221,000000,70.4600000,71.0400000,69.7400000,70.1400000
AFLT,D,030221,000000,70.6000000,70.9200000,70.1600000,70.6800000
AFLT,D,040221,000000,70.6800000,71.0800000,70.3000000,70.5600000
AFLT,D,050221,000000,70.7200000,71.0800000,70.3800000,70.8200000
AFLT,D,080221,000000,71.0000000,71.4600000,70.6200000,71.0800000
AFLT,D,090221,000000,71.1800000,71.2800000,70.0000000,70.3400000
AFLT,D,100221,000000,70.3800000,70.6000000,68.3000000,69.1800000
AFLT,D,110221,000000,69.0200000,69.4600000,68.6400000,68.8600000
AFLT,D,120221,000000,68.9200000,69.4000000,68.0400000,69.2800000
AFLT,D,150221,000000,69.4800000,69.8000000,68.8200000,69.6200000
AFLT,D,160221,000000,69.7200000,69.7600000,68.8200000,69.5000000
AFLT,D,170221,000000,69.2800000,69.6800000,68.9600000,69.1800000
AFLT,D,180221,000000,69.3000000,69.4000000,68.6400000,68.8000000
AFLT,D,190221,000000,68.7400000,69.1600000,68.6600000,69.0200000
AFLT,D,200221,000000,69.0400000,69.2800000,69.0000000,69.1400000
AFLT,D,220221,000000,69.1000000,69.5400000,68.9400000,69.2000000
AFLT,D,240221,000000,69.1200000,71.0600000,68.8000000,70.3000000
AFLT,D,250221,000000,70.4000000,70.7400000,69.4400000,69.4400000
AFLT,D,260221,000000,69.4000000,70.1400000,68.9000000,69.6600000
AFLT,D,010321,000000,69.9200000,70.4000000,69.5200000,69.9200000
AFLT,D,020321,000000,69.8600000,71.1000000,69.7800000,71.1000000
AFLT,D,030321,000000,71.2200000,71.7000000,70.1000000,70.6000000
AFLT,D,040321,000000,70.6400000,70.8000000,69.2000000,69.4400000
AFLT,D,050321,000000,69.4400000,69.8400000,68.7200000,69.2800000
AFLT,D,090321,000000,69.5800000,69.9000000,69.0600000,69.6600000
AFLT,D,100321,000000,69.4800000,70.2800000,69.4000000,69.8600000
AFLT,D,110321,000000,70.1000000,70.1200000,69.4000000,70.0000000
AFLT,D,120321,000000,69.9000000,70.1000000,69.4000000,69.8600000
AFLT,D,150321,000000,70.1600000,71.0600000,69.8400000,70.8200000
AFLT,D,160321,000000,70.9600000,71.5400000,70.0200000,70.5000000
AFLT,D,170321,000000,70.4200000,70.7200000,69.2800000,70.0200000
AFLT,D,180321,000000,69.9400000,70.1200000,68.1400000,69.1800000
AFLT,D,190321,000000,69.4400000,70.1000000,69.0600000,69.8000000
AFLT,D,220321,000000,69.8000000,70.0000000,69.0000000,69.2600000
AFLT,D,230321,000000,69.3200000,69.3200000,67.2000000,67.7200000
AFLT,D,240321,000000,67.7200000,68.0000000,65.4000000,65.9000000
AFLT,D,250321,000000,65.9400000,66.6600000,65.2000000,66.1400000
AFLT,D,260321,000000,66.4800000,68.3800000,66.3200000,68.0000000
