<DATE>,<TIME>,<OPEN>,<HIGH>,<LOW>,<CLOSE>,<VOL>
020115,000000,25.1550000,25.5350000,24.9100000,25.2550000,5898714
050115,000000,25.2000000,25.3750000,24.1550000,24.2250000,10106658
060115,000000,24.2000000,24.5550000,23.7100000,23.9150000,8201412
070115,000000,24.1350000,24.3150000,23.8950000,24.0450000,5408019
080115,000000,24.4400000,24.6750000,23.8850000,24.4850000,10744269
090115,000000,24.4200000,24.6700000,23.6450000,23.9100000,9820402
120115,000000,23.9900000,24.2700000,23.4750000,23.9100000,8146168
130115,000000,23.9700000,24.8450000,23.9050000,24.6700000,9022710
140115,000000,24.3000000,24.5500000,24.0050000,24.1900000,10253438
150115,000000,24.3450000,24.9350000,23.6000000,24.7500000,13342031
160115,000000,24.6000000,24.8200000,24.3000000,24.7050000,10086611
190115,000000,24.7200000,25.3050000,24.6100000,25.0500000,6576303
200115,000000,25.2650000,25.6750000,25.2250000,25.3250000,8029373
210115,000000,25.3400000,25.6850000,24.7900000,25.6050000,8949038
220115,000000,25.7000000,26.3950000,25.6250000,26.2900000,15247779
230115,000000,26.7700000,26.7750000,25.9900000,26.1250000,14204133
260115,000000,25.9800000,26.4000000,25.6500000,26.2550000,8106585
270115,000000,26.3000000,26.3000000,25.1000000,25.3650000,14161984
280115,000000,25.5300000,25.6050000,24.8750000,25.1500000,10970769
290115,000000,25.7500000,26.1000000,25.2800000,25.7950000,13957839
300115,000000,26.0650000,26.2000000,25.5950000,25.8000000,10766908
020215,000000,25.8000000,26.3650000,25.4100000,26.3650000,10172866
030215,000000,26.5500000,27.3550000,26.4650000,27.2200000,14033080
040215,000000,27.3000000,27.4250000,26.8650000,27.1300000,9487560
050215,000000,26.9500000,27.2200000,26.6150000,27.1300000,8671184
060215,000000,27.1100000,27.1350000,26.7500000,27.0850000,7883128
090215,000000,26.8400000,26.9400000,26.5900000,26.8650000,7938128
100215,000000,26.7900000,27.1550000,26.4300000,26.7700000,8736888
110215,000000,26.6850000,26.9150000,26.4950000,26.6600000,6534595
120215,000000,26.5850000,27.5650000,26.5150000,27.5050000,12125087
130215,000000,27.6150000,28.4150000,27.6000000,28.3500000,13013846
160215,000000,28.2350000,28.9000000,28.2300000,28.8150000,8578607
170215,000000,28.2250000,28.7050000,28.0650000,28.3850000,8340807
180215,000000,28.6850000,28.9950000,28.6450000,28.8900000,7346681
190215,000000,28.7200000,28.9450000,28.2850000,28.8650000,7918776
200215,000000,28.7000000,29.2350000,28.5950000,29.1650000,11365077
230215,000000,29.2500000,29.3850000,28.7200000,29.0400000,7698138
240215,000000,28.9500000,29.3750000,28.6650000,29.2550000,7322701
250215,000000,29.2500000,29.2500000,28.8320000,28.9000000,5518831
260215,000000,28.9400000,29.3900000,28.9350000,29.1750000,6683098
270215,000000,29.1000000,29.3750000,29.0050000,29.3750000,6871023
020315,000000,29.1500000,29.6400000,29.1500000,29.4200000,6052367
030315,000000,29.4100000,29.4700000,28.7450000,28.7750000,7104357
040315,000000,28.9050000,29.1000000,28.5800000,28.9350000,5533921
050315,000000,29.0500000,29.3150000,28.7950000,29.2400000,5835688
060315,000000,29.2600000,29.7350000,29.1700000,29.4850000,5710804
090315,000000,29.2800000,29.7150000,29.1700000,29.3700000,5276027
100315,000000,29.4700000,29.5250000,28.8200000,29.1950000,6560264
110315,000000,29.0500000,29.9700000,29.0000000,29.9400000,8812772
120315,000000,29.7800000,30.0650000,29.5650000,29.6950000,6764009
130315,000000,29.8500000,30.1800000,29.7400000,30.1250000,6383248
160315,000000,30.2850000,30.9750000,30.2250000,30.9150000,9003570
170315,000000,31.0000000,31.2400000,30.3100000,30.4750000,9584680
180315,000000,30.5350000,30.7300000,30.0450000,30.6550000,7872126
190315,000000,30.6000000,31.1500000,30.5500000,31.0250000,9172064
200315,000000,31.1800000,31.6500000,31.0650000,31.6500000,11650179
230315,000000,31.9900000,32.9000000,31.6050000,31.8750000,12434606
240315,000000,32.0000000,32.5200000,31.5700000,32.5000000,8472756
250315,000000,32.3300000,32.4400000,31.8750000,31.9100000,6563417
260315,000000,31.3500000,31.7600000,30.9350000,31.7600000,8084539
270315,000000,31.9500000,32.0000000,31.5350000,31.6300000,6347549
300315,000000,31.6750000,32.3900000,31.6200000,32.3850000,6702786
310315,000000,32.2150000,32.4500000,31.8150000,32.3600000,8150218
010415,000000,32.1600000,32.9100000,32.0950000,32.6900000,8122564
020415,000000,32.6700000,32.9250000,32.5700000,32.7700000,4454536
070415,000000,32.9900000,33.3000000,32.9100000,33.1450000,6564757
080415,000000,33.0900000,33.3950000,32.9100000,32.9350000,5185932
090415,000000,32.9950000,33.1650000,32.6650000,33.0000000,4956056
100415,000000,33.2000000,33.4100000,32.8800000,33.0900000,6682938
130415,000000,33.1000000,33.3100000,32.9450000,33.1950000,4354284
140415,000000,33.2000000,33.4200000,32.5850000,32.7250000,7143530
150415,000000,32.8300000,33.1850000,32.6500000,32.9600000,5124263
160415,000000,32.8650000,32.9650000,31.6600000,31.7300000,9183448
170415,000000,31.5250000,31.7500000,30.2400000,30.7000000,15565932
200415,000000,30.7100000,31.3800000,30.7100000,31.2900000,6208696
210415,000000,31.4950000,31.7800000,30.9350000,31.0150000,6880580
220415,000000,31.2300000,31.7100000,31.1050000,31.4400000,7621073
230415,000000,31.7750000,31.9100000,30.9800000,31.4100000,7687544
240415,000000,31.5900000,32.1550000,31.3900000,31.5750000,6243199
270415,000000,31.8100000,31.8450000,29.7500000,30.1250000,20064026
280415,000000,29.9000000,29.9750000,28.8250000,29.0250000,15624260
290415,000000,28.5300000,29.0900000,28.0700000,28.4350000,13939823
300415,000000,28.2950000,28.9600000,28.0150000,28.7250000,12130336
040515,000000,29.0000000,29.0600000,28.2550000,28.7950000,5813960
050515,000000,28.7900000,29.1850000,28.1500000,28.1900000,9196076
060515,000000,28.1300000,28.6500000,28.0750000,28.4300000,7881226
070515,000000,28.4250000,28.6500000,27.9150000,28.4850000,7790405
080515,000000,28.5700000,28.8650000,28.1350000,28.8650000,8180384
110515,000000,28.8600000,29.2700000,28.6400000,29.0750000,5497267
120515,000000,28.8100000,28.9400000,28.5200000,28.8100000,7777195
130515,000000,28.9550000,29.2800000,28.6650000,28.7850000,5928170
140515,000000,28.6000000,29.2650000,28.4150000,29.1500000,4943130
150515,000000,29.2450000,29.3000000,28.8550000,29.0450000,8702555
180515,000000,28.9850000,29.2200000,28.6350000,28.9850000,5663781
190515,000000,29.2100000,29.6650000,29.2100000,29.5850000,7980858
200515,000000,29.4450000,29.7400000,29.3050000,29.6500000,5182174
210515,000000,29.6800000,29.6850000,29.4200000,29.6600000,7058950
220515,000000,28.9100000,29.1000000,28.7800000,28.7900000,5917017
260515,000000,28.8600000,29.0300000,28.0100000,28.1250000,8867693
270515,000000,28.0850000,28.5700000,28.0450000,28.3450000,7435719
280515,000000,28.1650000,28.3700000,27.7600000,28.0100000,5317978
290515,000000,28.0100000,28.1200000,27.3700000,27.4150000,8802124
010615,000000,27.4550000,27.5850000,27.0400000,27.2500000,6001578
020615,000000,27.3800000,27.8950000,27.0550000,27.6600000,8990969
030615,000000,27.8400000,28.2200000,27.6600000,28.0400000,8051333
040615,000000,27.9700000,28.3850000,27.6100000,28.1050000,6158681
050615,000000,28.0300000,28.0700000,27.3800000,27.6150000,7305357
080615,000000,29.8700000,29.8700000,28.6000000,28.6000000,23784072
090615,000000,28.5650000,28.7000000,27.5500000,27.8800000,11646234
100615,000000,27.6700000,28.5400000,27.5100000,28.4750000,7427043
110615,000000,28.3550000,28.9950000,28.2850000,28.6450000,6432882
120615,000000,28.5300000,28.8450000,27.9800000,28.4500000,7186041
150615,000000,28.0800000,28.1800000,27.5050000,27.7100000,6887263
160615,000000,27.5150000,27.8000000,27.0900000,27.6900000,6402441
170615,000000,27.7000000,27.9150000,27.4250000,27.6750000,4804250
180615,000000,27.4750000,27.5500000,26.9950000,27.1800000,9822921
190615,000000,27.4650000,27.4650000,26.5950000,26.7500000,20895999
220615,000000,27.3100000,27.8850000,27.2400000,27.7000000,11817548
230615,000000,28.0000000,28.3600000,27.8500000,28.0900000,7275565
240615,000000,28.2800000,28.3500000,27.6650000,28.0850000,6330504
250615,000000,27.8700000,28.4950000,27.8600000,28.4650000,7129317
260615,000000,28.2700000,29.0050000,28.0900000,28.8300000,9284569
290615,000000,27.2000000,27.7350000,26.9000000,27.1550000,15349408
300615,000000,27.0700000,27.4300000,26.7150000,26.9500000,10635299
010715,000000,27.2600000,28.4950000,27.1200000,28.2750000,14049115
020715,000000,28.3000000,28.6250000,28.1550000,28.2950000,5437161
030715,000000,28.2900000,28.3800000,27.8800000,28.1750000,5214091
060715,000000,27.4050000,27.7050000,27.0400000,27.3450000,9524464
070715,000000,27.4350000,27.5000000,26.6700000,26.7000000,6683890
080715,000000,26.6500000,27.1200000,26.5400000,26.9050000,6412561
090715,000000,27.0250000,27.7000000,26.9600000,27.4100000,6609522
100715,000000,28.1100000,28.6400000,28.1000000,28.5300000,8681591
130715,000000,29.0000000,29.5750000,28.8650000,29.4800000,9370498
140715,000000,29.4750000,29.7350000,29.3550000,29.7050000,5499988
150715,000000,29.6700000,30.0600000,29.6600000,30.0000000,6045661
160715,000000,30.2000000,30.6650000,30.1600000,30.5000000,8109006
170715,000000,30.5900000,30.5950000,30.1900000,30.4250000,5359336
200715,000000,30.3000000,30.9600000,30.3000000,30.9000000,5460184
210715,000000,30.8150000,30.9150000,30.4400000,30.6350000,4955908
220715,000000,30.3000000,30.8950000,30.1100000,30.7300000,4572541
230715,000000,30.7500000,31.1350000,30.7300000,30.9700000,5964466
240715,000000,30.9700000,31.0900000,30.6600000,30.6600000,5282067
270715,000000,30.2900000,30.2950000,29.3450000,29.4450000,9051231
280715,000000,29.6400000,30.0850000,29.5450000,29.9450000,5464988
290715,000000,30.1100000,30.2600000,29.7650000,30.2600000,5230171
300715,000000,31.1500000,31.8850000,30.9150000,31.8500000,14422360
310715,000000,31.7000000,32.0500000,31.6050000,32.0200000,9721117
030815,000000,31.7850000,32.3050000,31.7450000,31.9850000,6439941
040815,000000,31.9400000,31.9700000,31.0200000,31.1600000,7256699
050815,000000,31.3450000,31.4550000,31.2400000,31.4050000,5415850
060815,000000,31.3000000,31.3400000,31.0700000,31.1000000,4380203
070815,000000,31.1000000,31.2600000,30.6800000,30.7600000,4410079
100815,000000,30.8550000,30.9200000,30.3900000,30.8600000,3993768
110815,000000,30.8550000,30.8890000,30.2000000,30.2400000,5217331
120815,000000,30.0000000,30.0700000,28.9700000,28.9700000,6681233
130815,000000,29.5150000,29.7150000,29.2400000,29.3450000,5221498
140815,000000,29.1800000,29.2850000,28.6400000,28.9550000,5911720
170815,000000,29.0500000,29.4650000,28.4700000,28.7900000,5237493
180815,000000,28.7900000,28.9500000,28.6500000,28.7500000,3104053
190815,000000,28.5800000,28.8450000,28.2550000,28.2550000,4277860
200815,000000,28.0400000,28.3950000,27.3300000,27.4100000,7367241
210815,000000,26.8650000,27.3900000,26.6900000,26.8400000,6565577
240815,000000,25.6400000,25.8000000,23.8000000,24.6250000,23493302
260815,000000,25.9000000,26.2700000,25.4250000,25.7350000,8878562
270815,000000,26.5350000,26.8200000,26.3100000,26.6100000,7206251
280815,000000,26.5400000,26.5800000,26.1300000,26.3750000,4600974
310815,000000,26.2450000,26.3500000,25.8800000,26.2750000,4452005
010915,000000,25.8250000,26.0250000,25.3100000,25.5850000,7095161
020915,000000,25.6350000,26.0000000,25.3450000,25.6000000,4619635
030915,000000,25.9000000,26.7900000,25.6900000,26.5000000,8300611
040915,000000,26.0950000,26.1950000,25.2650000,25.4300000,8345196
070915,000000,25.7050000,25.8650000,25.4150000,25.5200000,3121009
080915,000000,25.8150000,26.5800000,25.7400000,26.2400000,6451419
090915,000000,26.9100000,27.0300000,26.2700000,26.2700000,5896512
100915,000000,26.0500000,26.3250000,25.6650000,25.8700000,5809521
110915,000000,25.6100000,25.8900000,25.5100000,25.6350000,3224953
140915,000000,25.6050000,25.9800000,25.3650000,25.7600000,5576508
150915,000000,25.8400000,26.3500000,25.6050000,26.1800000,5415906
160915,000000,26.3450000,26.4250000,25.8400000,26.0250000,5613393
170915,000000,26.2000000,26.5450000,26.0800000,26.3600000,7032576
180915,000000,25.1900000,25.1900000,25.1900000,25.1900000,6313034
210915,000000,25.0800000,25.6600000,25.0000000,25.4500000,4856909
220915,000000,25.5450000,25.7750000,24.6250000,24.6800000,9239587
230915,000000,24.8200000,24.9800000,24.4900000,24.4900000,4411932
240915,000000,24.4900000,24.6800000,24.0000000,24.1800000,8148571
250915,000000,24.5700000,24.8300000,24.4550000,24.6750000,5868354
280915,000000,24.5100000,24.6750000,23.4850000,23.5200000,8505325
290915,000000,23.1750000,23.6600000,22.9500000,23.5100000,8313294
300915,000000,24.0150000,24.3150000,23.9150000,24.0700000,6220900
011015,000000,24.5100000,24.5100000,23.5150000,23.6500000,6700295
021015,000000,23.8200000,24.3750000,23.5700000,23.8000000,8156433
051015,000000,24.5050000,25.1500000,24.3950000,25.0400000,8453365
061015,000000,25.0900000,25.3150000,24.7400000,25.2150000,5372884
071015,000000,25.3900000,25.9550000,25.2550000,25.4800000,5769567
081015,000000,24.7800000,26.2750000,24.5600000,25.0300000,16357001
091015,000000,25.3900000,26.1250000,25.2150000,25.8950000,8182861
121015,000000,25.8800000,26.2850000,25.5550000,25.7400000,4358431
131015,000000,25.5300000,25.6500000,25.0100000,25.4850000,5463881
141015,000000,25.3450000,25.7050000,25.1150000,25.2300000,4298085
151015,000000,25.4000000,25.6200000,25.2600000,25.5200000,4297713
161015,000000,25.7800000,26.1100000,25.7200000,25.9650000,6678809
191015,000000,26.3000000,27.0450000,26.3000000,26.9250000,9153225
201015,000000,26.9250000,26.9600000,26.3150000,26.5500000,4646350
211015,000000,26.5450000,26.7650000,26.0950000,26.5300000,4211157
221015,000000,26.4200000,27.2250000,26.2900000,27.1800000,7331888
231015,000000,27.4650000,27.9750000,27.2150000,27.7550000,8760351
261015,000000,27.5500000,27.5500000,27.0650000,27.3750000,6361610
271015,000000,27.3500000,27.7400000,27.2800000,27.3600000,5139717
281015,000000,27.4000000,27.4950000,26.9950000,27.4750000,4982529
291015,000000,27.0300000,27.8700000,25.2300000,25.5850000,16473647
301015,000000,25.3250000,25.4800000,24.9350000,25.4700000,7638704
021115,000000,25.1800000,26.1200000,25.1800000,25.8400000,7244890
031115,000000,26.0000000,26.1950000,25.6450000,25.8400000,4382366
041115,000000,25.9800000,26.0450000,25.4200000,25.4600000,5873213
051115,000000,25.6050000,25.7500000,25.1600000,25.2500000,5019044
061115,000000,25.3400000,25.8450000,25.2100000,25.6550000,6556900
091115,000000,25.6850000,25.9100000,25.2800000,25.3350000,4071782
101115,000000,25.3800000,25.4650000,24.8000000,24.9100000,6119594
111115,000000,24.9900000,25.0800000,24.5450000,24.7600000,5077183
121115,000000,24.7000000,24.8900000,24.1300000,24.2400000,4983731
131115,000000,24.0000000,24.1850000,23.5900000,23.8250000,7073684
161115,000000,23.5150000,23.8450000,23.5150000,23.6650000,3950225
171115,000000,23.9050000,24.1350000,23.6900000,24.0650000,4955425
181115,000000,24.0000000,24.4490000,23.9750000,24.3800000,5485460
191115,000000,24.6050000,24.9450000,24.5000000,24.6800000,4650072
201115,000000,24.7400000,24.7600000,24.3100000,24.4050000,5839863
231115,000000,24.4100000,24.5750000,24.0550000,24.1500000,3905994
241115,000000,23.9500000,23.9950000,23.5150000,23.7000000,6510693
251115,000000,23.7600000,24.1350000,23.3700000,24.0200000,5576428
261115,000000,23.9950000,24.3950000,23.8700000,24.2300000,4143052
271115,000000,24.1300000,24.2700000,23.9100000,23.9950000,3589094
301115,000000,24.0000000,24.4850000,23.8600000,24.3050000,5173261
011215,000000,24.4400000,24.6700000,24.3600000,24.4600000,5007273
021215,000000,24.5350000,24.6200000,24.0850000,24.1350000,4327587
031215,000000,24.0950000,24.6450000,23.4350000,23.4350000,10297831
041215,000000,23.4000000,23.6250000,23.0100000,23.2000000,7075063
071215,000000,23.4500000,23.4900000,23.0310000,23.1600000,4204953
081215,000000,23.1100000,23.1550000,22.3450000,22.4950000,9082216
091215,000000,22.5450000,22.7150000,22.0800000,22.3300000,6226244
101215,000000,22.2050000,22.5240000,22.0000000,22.2250000,5068240
111215,000000,22.0550000,22.2850000,21.1400000,21.2400000,10832750
141215,000000,21.3750000,21.6100000,20.6850000,20.7700000,9004633
151215,000000,21.0000000,21.5450000,21.0000000,21.4000000,7999176
161215,000000,21.4500000,21.6250000,21.1900000,21.4300000,5924715
171215,000000,21.9000000,22.1900000,21.7450000,21.8750000,9678410
181215,000000,21.7050000,22.0050000,21.5000000,21.7500000,22283364
211215,000000,21.5500000,22.0450000,21.4550000,21.5250000,6285564
221215,000000,21.7250000,21.8750000,21.3450000,21.5550000,4921178
231215,000000,21.7500000,22.3700000,21.7500000,22.3150000,6366469
281215,000000,22.3000000,22.4900000,22.1050000,22.1800000,2486831
291215,000000,22.4000000,22.8600000,22.4000000,22.7250000,4712790
301215,000000,22.7600000,22.8000000,22.5250000,22.5250000,2296432
040116,000000,21.9000000,22.0750000,21.2550000,21.4500000,9668394
050116,000000,22.0900000,22.1000000,21.4400000,21.7950000,6684122
060116,000000,21.6650000,21.8900000,21.4000000,21.6150000,6363646
070116,000000,21.1400000,21.3050000,20.6250000,21.1500000,10319474
080116,000000,21.1800000,21.4300000,20.4650000,20.4650000,7857103
110116,000000,20.3350000,21.0700000,20.3350000,20.7050000,7948592
120116,000000,20.8150000,21.3300000,20.6700000,21.0150000,6320068
130116,000000,21.2300000,21.5800000,20.7650000,20.8950000,5976324
140116,000000,20.5350000,20.5800000,19.6850000,20.0050000,13947080
150116,000000,19.9900000,20.1300000,19.0600000,19.1800000,10979565
180116,000000,19.0750000,19.2900000,18.4450000,18.5500000,10214875
190116,000000,19.0700000,19.3150000,18.7800000,18.8600000,7019185
200116,000000,18.3000000,18.5000000,17.6100000,17.7200000,11624857
210116,000000,17.0000000,17.2250000,16.0300000,17.1250000,24957968
220116,000000,17.4600000,17.8300000,17.2250000,17.5800000,12925461
250116,000000,17.7700000,17.7700000,16.5000000,16.6100000,12148820
260116,000000,16.3300000,17.1400000,15.9750000,17.1200000,11979580
270116,000000,17.1400000,17.1750000,16.7900000,17.1050000,7231979
280116,000000,16.8500000,17.1050000,16.0800000,16.1750000,13589111
290116,000000,16.4950000,16.5450000,15.9700000,16.4000000,13334317
010216,000000,16.4950000,16.6050000,16.2400000,16.3200000,11551838
020216,000000,16.2650000,16.2650000,15.6200000,15.6850000,14625793
030216,000000,15.5000000,15.5000000,14.6100000,14.7400000,18933947
040216,000000,15.0500000,15.3600000,14.7100000,15.1500000,15018033
050216,000000,15.1200000,15.5500000,14.9100000,15.2700000,12678711
080216,000000,15.3500000,15.3700000,13.4650000,13.8200000,23026712
090216,000000,14.1000000,14.5650000,13.0300000,13.2300000,23162437
100216,000000,13.7900000,15.4300000,13.5000000,14.5800000,28594631
110216,000000,14.2950000,14.2950000,13.1350000,13.6850000,25125525
120216,000000,14.0300000,15.3850000,13.9350000,15.3000000,27750423
150216,000000,16.0350000,16.0500000,15.0350000,15.2550000,16419538
160216,000000,15.3700000,15.3800000,14.3100000,15.2150000,15159836
170216,000000,15.1800000,16.2700000,15.0350000,16.1800000,14315433
180216,000000,16.2900000,16.3000000,15.3900000,15.5100000,13556801
190216,000000,15.4200000,15.7500000,14.9850000,15.2000000,13821323
220216,000000,15.3150000,15.8450000,15.2700000,15.8000000,10465461
230216,000000,15.6700000,15.8550000,15.1950000,15.2200000,11165045
240216,000000,15.1750000,15.2700000,14.5700000,14.6450000,11340527
250216,000000,14.8800000,15.2250000,14.7800000,15.0400000,10749157
260216,000000,15.2450000,15.9900000,15.2250000,15.9100000,10278093
290216,000000,15.7100000,16.0000000,15.3550000,15.9850000,8887135
010316,000000,15.9100000,16.3600000,15.7550000,16.3400000,7741870
020316,000000,16.5000000,17.2700000,16.4700000,17.1800000,12323679
030316,000000,17.3100000,17.8950000,17.1300000,17.6400000,11324884
040316,000000,17.8000000,18.0850000,17.6150000,18.0150000,12359722
070316,000000,17.9000000,17.9950000,17.1900000,17.7400000,8598175
080316,000000,17.4100000,17.8350000,17.1900000,17.3650000,9347803
090316,000000,17.3000000,17.6650000,17.0550000,17.2200000,8374876
100316,000000,17.2350000,18.6500000,17.0300000,17.0700000,24175810
110316,000000,17.4150000,18.3800000,17.4000000,18.3400000,16219949
140316,000000,18.6200000,18.8350000,18.3850000,18.5300000,11570038
150316,000000,18.4000000,18.5050000,17.9050000,18.0500000,9830115
160316,000000,18.1100000,18.1600000,16.9350000,17.2500000,17469082
170316,000000,17.4500000,17.4900000,16.2400000,16.9000000,14282285
180316,000000,16.9600000,17.3600000,16.5200000,17.0750000,17109312
210316,000000,16.9450000,17.4700000,16.7450000,16.9150000,7736412
220316,000000,16.7200000,16.7200000,16.2650000,16.7050000,9196803
230316,000000,16.7950000,16.9300000,16.0850000,16.2250000,9909064
240316,000000,16.0800000,16.1950000,15.5300000,15.6150000,10044510
290316,000000,15.7200000,15.9250000,15.1550000,15.3650000,7630878
300316,000000,15.5100000,15.7130000,15.1400000,15.1550000,10661163
310316,000000,15.0600000,15.1500000,14.7650000,14.9500000,11298553
010416,000000,14.7450000,15.3700000,14.6550000,14.9100000,10673076
040416,000000,14.8650000,15.0300000,14.6250000,14.8000000,8836466
050416,000000,14.5000000,14.5100000,14.0350000,14.0500000,10759155
060416,000000,14.1000000,14.4550000,13.9650000,14.1650000,11964819
070416,000000,14.2000000,14.2400000,13.6750000,13.7450000,10624174
080416,000000,13.7200000,14.1400000,13.7200000,13.9900000,10113695
110416,000000,14.0000000,14.3550000,13.8250000,14.0000000,10464214
120416,000000,14.1000000,14.2050000,13.6200000,13.9800000,12398912
130416,000000,14.2400000,15.3650000,14.2050000,15.3650000,18971770
140416,000000,15.4000000,15.6200000,15.0800000,15.4150000,11962107
150416,000000,15.3000000,15.3800000,15.0600000,15.3500000,6915091
180416,000000,15.0500000,15.7000000,14.9100000,15.6250000,8646761
190416,000000,15.7550000,16.0200000,15.5800000,15.6400000,9654122
200416,000000,15.6250000,16.5000000,15.5300000,16.4400000,12155918
210416,000000,16.5150000,17.0100000,16.4450000,16.7150000,11635886
220416,000000,16.6500000,16.9600000,16.5800000,16.8000000,7476118
250416,000000,16.8150000,16.9050000,15.9600000,16.0750000,9660822
260416,000000,16.1300000,16.6400000,15.9900000,16.4400000,8549732
270416,000000,16.4800000,16.8490000,16.4500000,16.7000000,8004564
280416,000000,16.9000000,17.5400000,16.7250000,17.3600000,13557021
290416,000000,17.1500000,17.1900000,16.4700000,16.4700000,11295492
020516,000000,16.5700000,16.5950000,15.8400000,16.0300000,7815685
030516,000000,15.9150000,15.9150000,15.0000000,15.0250000,12869181
040516,000000,15.0750000,15.2950000,14.7750000,14.9450000,10468391
050516,000000,15.0350000,15.0500000,14.5450000,14.6300000,7706744
060516,000000,14.5100000,14.8850000,14.2350000,14.7400000,11562302
090516,000000,14.9000000,15.1050000,14.5860000,14.6500000,7418105
100516,000000,14.8100000,15.2900000,14.8100000,15.0050000,8338387
110516,000000,14.9300000,15.0550000,14.5400000,14.7200000,8042755
120516,000000,14.5950000,15.0250000,14.4500000,14.5200000,7496419
130516,000000,14.4700000,14.8150000,14.2700000,14.6750000,7174861
170516,000000,14.4500000,14.9650000,14.2700000,14.4100000,11593708
180516,000000,14.3250000,14.7700000,14.1700000,14.7450000,9286197
190516,000000,14.9500000,15.3400000,14.8400000,14.9400000,10433972
200516,000000,15.1200000,15.2550000,14.9600000,15.1350000,7413579
230516,000000,15.1800000,15.3350000,14.8700000,15.1600000,6764286
240516,000000,14.9350000,15.5850000,14.8510000,15.5600000,7537505
250516,000000,15.7500000,16.2500000,15.7300000,16.0950000,11625101
260516,000000,16.0000000,16.3000000,15.7350000,16.1900000,8342243
270516,000000,16.1050000,16.4300000,16.0650000,16.2850000,6691419
300516,000000,16.3100000,16.4700000,16.3050000,16.3850000,3110048
310516,000000,16.3750000,16.4900000,16.0250000,16.0550000,7664349
010616,000000,15.9100000,15.9800000,15.3800000,15.6450000,9180573
020616,000000,15.5900000,16.1200000,15.5300000,15.5950000,9065938
030616,000000,15.7100000,15.7700000,14.9000000,15.0000000,11527619
060616,000000,14.9800000,15.1900000,14.8000000,15.0500000,6655661
070616,000000,15.2150000,15.6350000,15.2150000,15.2700000,10304770
080616,000000,15.2400000,15.2600000,14.9350000,14.9950000,6690290
090616,000000,14.9150000,14.9600000,14.6800000,14.7300000,7976621
100616,000000,14.6200000,14.6200000,13.9700000,14.0350000,12938318
130616,000000,13.8150000,13.8950000,13.4750000,13.5500000,12921152
140616,000000,13.4000000,13.6200000,13.1200000,13.1600000,13674935
150616,000000,13.3650000,13.6750000,13.1050000,13.2850000,15332415
160616,000000,12.9500000,13.0500000,12.6850000,12.9950000,15691103
170616,000000,13.2450000,13.8100000,13.2400000,13.6750000,21181701
200616,000000,14.4050000,14.6250000,14.2950000,14.4800000,14635271
210616,000000,14.5000000,14.8850000,14.4500000,14.8000000,11023316
220616,000000,14.9100000,15.2700000,14.7300000,15.0800000,12591066
230616,000000,15.1800000,15.7500000,15.0200000,15.5650000,16827096
240616,000000,13.0000000,13.9450000,12.7600000,13.3650000,53702140
270616,000000,13.3800000,13.4350000,12.0700000,12.5400000,43136435
280616,000000,13.0250000,13.2000000,12.5750000,12.6450000,23158847
290616,000000,12.8250000,13.0500000,12.4600000,12.6600000,16791604
300616,000000,12.5000000,12.5400000,12.0500000,12.3250000,25962837
010716,000000,12.4700000,12.8400000,12.2050000,12.5550000,14872772
040716,000000,12.5000000,12.5500000,12.1200000,12.3350000,12719396
050716,000000,12.2000000,12.4650000,12.1200000,12.2200000,13825101
060716,000000,12.0650000,12.2650000,11.3050000,11.5400000,31522481
070716,000000,11.6200000,11.8200000,11.3550000,11.4350000,18054124
080716,000000,11.3800000,12.0500000,11.2150000,11.7550000,16700751
110716,000000,11.9500000,12.0450000,11.4950000,12.0250000,12109095
120716,000000,12.0750000,12.8050000,12.0000000,12.7850000,19239031
130716,000000,12.8100000,13.0200000,12.5100000,12.5700000,15215685
140716,000000,12.8050000,13.1450000,12.7450000,13.0250000,15953498
150716,000000,13.0000000,13.3750000,12.9200000,13.0200000,14593159
180716,000000,13.2750000,13.3750000,12.8650000,13.1200000,10430529
190716,000000,13.1000000,13.2850000,12.5450000,12.7600000,14792804
200716,000000,12.8150000,12.9800000,12.5400000,12.9500000,10389464
210716,000000,12.9800000,13.4250000,12.9200000,13.1800000,15581586
220716,000000,13.1300000,13.2500000,13.0400000,13.0850000,7186493
250716,000000,13.1300000,13.3000000,13.0300000,13.1600000,6794538
260716,000000,13.0050000,13.0050000,12.5450000,12.8500000,11689627
270716,000000,12.9000000,12.9200000,12.1750000,12.4450000,21239130
280716,000000,12.3000000,12.4000000,11.8750000,11.9100000,18532049
290716,000000,11.8500000,12.2500000,11.8000000,12.0250000,16861911
010816,000000,12.4500000,12.4950000,11.7200000,11.8050000,16193653
020816,000000,11.7100000,11.7400000,11.2000000,11.2350000,19803377
030816,000000,11.3150000,11.4200000,11.0600000,11.2000000,17392869
040816,000000,11.4800000,11.7000000,11.3250000,11.3950000,12064273
050816,000000,11.4400000,11.8000000,11.4000000,11.8000000,13397884
080816,000000,11.9100000,12.2500000,11.9000000,12.1600000,12751377
090816,000000,12.1100000,12.4000000,12.0150000,12.3750000,10578609
100816,000000,12.2850000,12.8250000,12.2500000,12.7550000,17072888
110816,000000,12.8050000,12.8350000,12.5100000,12.7650000,8459833
120816,000000,12.7350000,12.8600000,12.6050000,12.7500000,6382158
150816,000000,12.7800000,12.8550000,12.6950000,12.7600000,4310271
160816,000000,12.6650000,12.8200000,12.5600000,12.6700000,5984943
170816,000000,12.6700000,12.7600000,12.2350000,12.2850000,8886540
180816,000000,12.4050000,12.4500000,12.1800000,12.3350000,6310847
190816,000000,12.3700000,12.3850000,11.8400000,11.9500000,12498670
220816,000000,11.9200000,12.2150000,11.8350000,11.9700000,7703961
230816,000000,12.0500000,12.4200000,11.9700000,12.3950000,7843164
240816,000000,12.3250000,12.8000000,12.2050000,12.6850000,9277283
250816,000000,12.6100000,12.6700000,12.4100000,12.4950000,6188984
260816,000000,12.5000000,12.6800000,12.3150000,12.5950000,6233582
290816,000000,12.5150000,12.6550000,12.3800000,12.4150000,4143574
300816,000000,12.5000000,12.8950000,12.4800000,12.8850000,8933979
310816,000000,12.8800000,13.4300000,12.8150000,13.2100000,16511411
010916,000000,13.3300000,13.8400000,13.0250000,13.0800000,18623545
020916,000000,13.1550000,13.3750000,12.8270000,13.3200000,15161033
050916,000000,13.4550000,13.4800000,13.1500000,13.2500000,8069498
060916,000000,13.1400000,13.3300000,12.9000000,12.9000000,8932300
070916,000000,12.8500000,13.0150000,12.5500000,12.9500000,11551356
080916,000000,12.9450000,13.1400000,12.7150000,13.1100000,10607673
090916,000000,13.1100000,13.8050000,12.9700000,13.6500000,21027206
120916,000000,13.4500000,13.5550000,13.0550000,13.3000000,13667714
130916,000000,13.3950000,13.4750000,13.0350000,13.0400000,9634627
140916,000000,13.0400000,13.0850000,12.8000000,12.9450000,10051810
150916,000000,12.9150000,13.1750000,12.8700000,13.1000000,8382515
160916,000000,12.2000000,12.3600000,11.9350000,11.9900000,39766253
190916,000000,11.9700000,12.0350000,11.6350000,11.7000000,15486921
200916,000000,11.6200000,11.7000000,11.2500000,11.2550000,15664095
210916,000000,11.3850000,11.4350000,11.1300000,11.2750000,15248604
220916,000000,11.3050000,11.7460000,11.3050000,11.6400000,12366269
230916,000000,11.5850000,11.6400000,11.3000000,11.4100000,9501405
260916,000000,11.2650000,11.2650000,10.5400000,10.5500000,30718374
270916,000000,10.7000000,10.7600000,10.1800000,10.5500000,29500848
280916,000000,10.8800000,11.0100000,10.6550000,10.7650000,24355073
290916,000000,11.0550000,11.0600000,10.7800000,10.8750000,14638061
300916,000000,10.0500000,11.7100000,9.8980000,11.5700000,56936694
041016,000000,11.5850000,11.9800000,11.4550000,11.7450000,27316817
051016,000000,11.8500000,12.1000000,11.6700000,12.0700000,18733159
061016,000000,12.2000000,12.3950000,11.9250000,12.0350000,17040991
071016,000000,12.1050000,12.3050000,11.9600000,12.0900000,16414557
101016,000000,12.0100000,12.5000000,11.6350000,12.5000000,24285481
111016,000000,12.4700000,12.5650000,12.2700000,12.3050000,12075131
121016,000000,12.3000000,12.4700000,12.1100000,12.3500000,7713192
131016,000000,12.2550000,12.2650000,11.8350000,11.9900000,11474711
141016,000000,12.0100000,12.4400000,11.9200000,12.2350000,12399148
171016,000000,12.1700000,12.3850000,12.1250000,12.2200000,7920944
181016,000000,12.3050000,12.5000000,12.2850000,12.4450000,8730075
191016,000000,12.5500000,12.6300000,12.4150000,12.5500000,8522314
201016,000000,12.6250000,13.0800000,12.5700000,13.0300000,18108780
211016,000000,13.1800000,13.2600000,12.9900000,13.1200000,12505459
241016,000000,13.1900000,13.4700000,13.1650000,13.3600000,10638992
251016,000000,13.3950000,13.4450000,12.9200000,13.1450000,14498076
261016,000000,13.0200000,13.3500000,13.0150000,13.2950000,10516013
271016,000000,13.6900000,13.7400000,13.1800000,13.3750000,14925722
281016,000000,13.2900000,13.3700000,13.2000000,13.3250000,7976667
311016,000000,13.3250000,13.4500000,13.0600000,13.1550000,7793251
011116,000000,13.1700000,13.2410000,12.6000000,12.6500000,10237688
021116,000000,12.5500000,12.5800000,12.1950000,12.2950000,10831420
031116,000000,12.2150000,12.5550000,12.1550000,12.2800000,10225152
041116,000000,12.2800000,12.2800000,12.0000000,12.2300000,8364790
071116,000000,12.4000000,12.8650000,12.3750000,12.8650000,10089841
081116,000000,12.8500000,12.9400000,12.5850000,12.8950000,8439331
091116,000000,12.3000000,13.3600000,12.2200000,13.3600000,21265098
101116,000000,13.4800000,14.5000000,13.4200000,14.1050000,33543554
111116,000000,14.4000000,14.7850000,14.3050000,14.7500000,24016139
141116,000000,15.0000000,15.4700000,14.8550000,15.3050000,22928460
151116,000000,15.4500000,15.4500000,14.8150000,15.3000000,13948023
161116,000000,15.3100000,15.4350000,14.9600000,15.0650000,10605632
171116,000000,14.9000000,15.1150000,14.6150000,15.0200000,11061918
181116,000000,15.1600000,15.4000000,14.9000000,14.9600000,13921135
211116,000000,15.1000000,15.1200000,14.8800000,15.0100000,6414466
221116,000000,15.1800000,15.1800000,14.8400000,14.9100000,7927599
231116,000000,14.9500000,14.9750000,14.6600000,14.9000000,6766663
241116,000000,14.8650000,15.0100000,14.8000000,14.8500000,4212388
251116,000000,14.8900000,14.8900000,14.5700000,14.8500000,5895736
281116,000000,14.7500000,14.7500000,14.3550000,14.4800000,9322912
291116,000000,14.2700000,14.7400000,14.2100000,14.6600000,13172869
301116,000000,14.6000000,14.9750000,14.4200000,14.8600000,10056973
011216,000000,14.7800000,15.2500000,14.7400000,15.1300000,9263256
021216,000000,15.0800000,15.1450000,14.6250000,14.8350000,11244868
051216,000000,15.2450000,15.3150000,15.2150000,15.2800000,3249647
061216,000000,15.4950000,16.5000000,15.2850000,16.4900000,21525766
071216,000000,16.9900000,17.5200000,16.8050000,17.3800000,24832391
081216,000000,17.4700000,18.2650000,17.1800000,17.8750000,27883781
091216,000000,17.9750000,17.9950000,17.2050000,17.3400000,16039958
121216,000000,17.2150000,17.5150000,16.8650000,17.2500000,11993226
131216,000000,17.2200000,17.9000000,17.0300000,17.4700000,14818142
141216,000000,17.5000000,17.7800000,17.2450000,17.2450000,9690951
151216,000000,17.5900000,18.2150000,17.5200000,18.1700000,22655911
161216,000000,18.2200000,18.5200000,18.1050000,18.3250000,23652237
191216,000000,18.0050000,18.0200000,17.4550000,17.5050000,14336081
201216,000000,17.6000000,18.1250000,17.5300000,18.0750000,9493624
211216,000000,18.2350000,18.4250000,17.8300000,17.9950000,11495745
221216,000000,17.9050000,18.0900000,17.6850000,17.7500000,5004237
231216,000000,18.4900000,18.6350000,17.8050000,17.8100000,15017642
271216,000000,17.9050000,17.9860000,17.3850000,17.5400000,6266679
281216,000000,17.5500000,17.6000000,17.1600000,17.5200000,7570065
291216,000000,17.2300000,17.4050000,17.0200000,17.1100000,6213124
301216,000000,17.1100000,17.2650000,16.8250000,17.2500000,5679822
020117,000000,17.2000000,17.7350000,17.1450000,17.5450000,5049729
030117,000000,17.5750000,17.8850000,17.1050000,17.7150000,13841931
040117,000000,17.8500000,18.2850000,17.8310000,18.2600000,12878106
050117,000000,18.4000000,18.7600000,17.9450000,18.1150000,14265331
060117,000000,18.1250000,18.3200000,17.9700000,18.3200000,9981728
090117,000000,18.1900000,18.3350000,17.8500000,18.1000000,8402744
100117,000000,17.9000000,17.9500000,17.5400000,17.6600000,11501707
110117,000000,17.6900000,18.1350000,17.6700000,18.0700000,9260354
120117,000000,18.0300000,18.0500000,17.4150000,17.4450000,8730819
130117,000000,17.6500000,18.2700000,17.6400000,18.1450000,12288979
160117,000000,17.9000000,17.9650000,17.5950000,17.5950000,7803363
170117,000000,17.6000000,17.8930000,17.3100000,17.4750000,11145705
180117,000000,17.6600000,17.6700000,17.2400000,17.5600000,11715785
190117,000000,17.6300000,17.9250000,17.5350000,17.7050000,11426256
200117,000000,17.6300000,18.0800000,17.5650000,18.0600000,14306326
230117,000000,17.8500000,18.1650000,17.6750000,17.8600000,10726244
240117,000000,17.8900000,18.3450000,17.8900000,18.3450000,9843073
250117,000000,18.5050000,19.4950000,18.5050000,19.4000000,19773236
260117,000000,19.6000000,19.9700000,19.2750000,19.4400000,13755410
270117,000000,19.5000000,19.5000000,19.0900000,19.1800000,9226275
300117,000000,19.0000000,19.0500000,18.5600000,18.6100000,8571176
310117,000000,18.9600000,19.1400000,18.3800000,18.3900000,12524537
010217,000000,18.6100000,19.1800000,18.4800000,19.1800000,13356816
020217,000000,18.6500000,18.7500000,17.8200000,18.1800000,25514449
030217,000000,18.2600000,18.8400000,18.1450000,18.8400000,14727617
060217,000000,18.8000000,18.8900000,18.4800000,18.4800000,12325843
070217,000000,18.4100000,18.6050000,18.2300000,18.3100000,9778073
080217,000000,18.4000000,18.5150000,17.6200000,17.9350000,14508738
090217,000000,18.0550000,18.1500000,17.7450000,18.0000000,9546676
100217,000000,18.2200000,18.2400000,17.6850000,17.8000000,8369772
130217,000000,17.8600000,18.1850000,17.7600000,18.1300000,7407719
140217,000000,18.1000000,18.4200000,18.0350000,18.4200000,8613611
150217,000000,18.4800000,19.1950000,18.4600000,18.8850000,14347400
160217,000000,18.9000000,18.9000000,18.4750000,18.5150000,7133931
170217,000000,18.5450000,18.6150000,17.8900000,18.2000000,14613159
200217,000000,18.4500000,18.5200000,18.2900000,18.4950000,5586978
210217,000000,18.4800000,18.6850000,18.1600000,18.5850000,7863449
220217,000000,18.5900000,18.8350000,18.3700000,18.5750000,6196512
230217,000000,18.6200000,18.8750000,18.4450000,18.5550000,6992114
240217,000000,18.5000000,18.6400000,17.9350000,18.1610000,8516440
270217,000000,18.1000000,18.4500000,18.1000000,18.3950000,5247593
280217,000000,18.4950000,18.7500000,18.4350000,18.6300000,6418855
010317,000000,18.9000000,19.5790000,18.7500000,19.5200000,17483552
020317,000000,19.6000000,19.7790000,19.3650000,19.4200000,8223660
030317,000000,19.1450000,19.7950000,18.7000000,19.1200000,17629632
060317,000000,17.9000000,18.2500000,17.4750000,17.6300000,31933405
070317,000000,17.4650000,17.5450000,17.0650000,17.3400000,13747712
080317,000000,17.3200000,17.9000000,17.2550000,17.6650000,13592931
090317,000000,17.5100000,17.9700000,17.5050000,17.8900000,11176088
100317,000000,18.0500000,18.4800000,18.0100000,18.3050000,14979501
130317,000000,18.4500000,18.4600000,18.1100000,18.4000000,7397245
140317,000000,18.3250000,18.3300000,18.0400000,18.1700000,7737767
150317,000000,18.1900000,18.4900000,18.1600000,18.3000000,6680979
160317,000000,18.4000000,18.5000000,18.0350000,18.1300000,10937250
170317,000000,18.0250000,18.3250000,17.7350000,17.8000000,12971167
200317,000000,17.5500000,17.7200000,17.0350000,17.3700000,24560614
210317,000000,15.4550000,16.4740000,15.4200000,16.0550000,37972456
220317,000000,15.7950000,15.9200000,15.6700000,15.7800000,15689127
230317,000000,15.7550000,15.7650000,15.5550000,15.7450000,14803908
240317,000000,15.7100000,15.8900000,15.4900000,15.5650000,11567668
270317,000000,15.3650000,15.5150000,15.1150000,15.5150000,12631737
280317,000000,15.5400000,16.0000000,15.5050000,15.9440000,13646419
290317,000000,16.0300000,16.2800000,15.8300000,16.1550000,19128255
300317,000000,16.1500000,16.2300000,15.7200000,16.0400000,13332259
310317,000000,16.0400000,16.1400000,15.8100000,16.1050000,14043303
030417,000000,15.9350000,16.0250000,15.5950000,15.7000000,17071826
040417,000000,15.3500000,15.5950000,15.1000000,15.5600000,44748234
050417,000000,15.7100000,15.9000000,15.5400000,15.6450000,13825808
060417,000000,15.5000000,15.7200000,15.3150000,15.6850000,10333790
070417,000000,15.5300000,15.8100000,15.3850000,15.5050000,12606043
100417,000000,15.5550000,15.6400000,15.3950000,15.5700000,9317639
110417,000000,15.5050000,15.5450000,15.1800000,15.3200000,12165996
120417,000000,15.4000000,15.5800000,15.1700000,15.2800000,13016229
130417,000000,15.1950000,15.2150000,15.0800000,15.1200000,2072428
180417,000000,15.1450000,15.1700000,14.6950000,14.9800000,14954422
190417,000000,14.9250000,15.2950000,14.9100000,15.2300000,9597273
200417,000000,15.0500000,15.4350000,15.0000000,15.3300000,12343816
210417,000000,15.4250000,15.6200000,15.2750000,15.5850000,13621436
240417,000000,16.2500000,16.9000000,16.2500000,16.8900000,35974222
250417,000000,17.0300000,17.1350000,16.7950000,16.9050000,13981357
260417,000000,17.0250000,17.3600000,16.9600000,17.3350000,13738638
270417,000000,16.8250000,16.9600000,16.5550000,16.7050000,16318725
280417,000000,16.5900000,16.8050000,16.4250000,16.6050000,11733467
020517,000000,16.6950000,16.7550000,16.5700000,16.7050000,8587168
030517,000000,16.6800000,16.8700000,16.5650000,16.7950000,8206920
040517,000000,16.9950000,17.2200000,16.8450000,17.1900000,10908996
050517,000000,17.0800000,17.4650000,16.9500000,17.4250000,12832892
080517,000000,17.6000000,17.6500000,17.1850000,17.4650000,12935713
090517,000000,17.4400000,17.6900000,17.3450000,17.3650000,10895565
100517,000000,17.3700000,17.6500000,17.0600000,17.4700000,15934008
110517,000000,17.5000000,17.5950000,17.1550000,17.3150000,10492150
120517,000000,17.2850000,17.4000000,17.0750000,17.1050000,7460212
150517,000000,17.3800000,17.6100000,17.2900000,17.5850000,7857400
160517,000000,17.3850000,17.6600000,17.3500000,17.3950000,8464151
170517,000000,17.3300000,17.5100000,16.7650000,16.8890000,14832985
180517,000000,16.9100000,17.0000000,16.4200000,16.7650000,18059821
190517,000000,16.8300000,17.1100000,16.6300000,17.0950000,12742829
220517,000000,17.1850000,17.3050000,16.9200000,16.9700000,6983101
230517,000000,16.9300000,17.2650000,16.9050000,17.1150000,7328121
240517,000000,17.1250000,17.1700000,16.8200000,16.9050000,6408492
250517,000000,16.9800000,17.1100000,16.6750000,16.8600000,6134784
260517,000000,16.7600000,16.8050000,16.3750000,16.5050000,10461424
290517,000000,16.5100000,16.5340000,16.3200000,16.4050000,4157793
300517,000000,16.3050000,16.3800000,16.0550000,16.1600000,10047269
310517,000000,16.1050000,16.1750000,15.6400000,15.6450000,15019811
010617,000000,15.6000000,15.6450000,15.3300000,15.5950000,12893344
020617,000000,15.8000000,16.0500000,15.5150000,15.5550000,12494152
060617,000000,15.3450000,15.4650000,15.2960000,15.3300000,6759938
070617,000000,15.3000000,15.6300000,15.2250000,15.4550000,9315881
080617,000000,15.5000000,15.7300000,15.3200000,15.5950000,11030485
090617,000000,15.6500000,15.9000000,15.5300000,15.7900000,9435701
120617,000000,15.8000000,15.8450000,15.4950000,15.5000000,7874356
130617,000000,15.5700000,15.6450000,15.4900000,15.5450000,5880603
140617,000000,15.6300000,15.6900000,15.2350000,15.3100000,11056772
150617,000000,15.4000000,15.4350000,15.0400000,15.1400000,12029968
160617,000000,15.1800000,15.3400000,14.8750000,15.0340000,19287855
190617,000000,15.1200000,15.4400000,15.0900000,15.3650000,9544654
200617,000000,15.4900000,15.6500000,15.2250000,15.2500000,9178202
210617,000000,15.1600000,15.2800000,14.9300000,15.1800000,8732354
220617,000000,15.1550000,15.1850000,14.8650000,15.0500000,10268732
230617,000000,15.0350000,15.1150000,14.8750000,14.9300000,7628560
260617,000000,14.9750000,15.1900000,14.9600000,15.0450000,7254083
270617,000000,15.0400000,15.6000000,14.9750000,15.5350000,12907984
280617,000000,15.5050000,15.7700000,15.3750000,15.7600000,13308006
290617,000000,15.9650000,16.1900000,15.7900000,15.8300000,17023065
300617,000000,15.8800000,15.9500000,15.5450000,15.5600000,9586826
030717,000000,15.6500000,16.0950000,15.6200000,16.0850000,8200356
040717,000000,15.9250000,16.5450000,15.8300000,16.4400000,10416425
050717,000000,16.3550000,16.5300000,16.0650000,16.3900000,13020008
060717,000000,16.4900000,16.7800000,16.3900000,16.6700000,13839036
070717,000000,16.6950000,16.8250000,16.4500000,16.6600000,11426132
100717,000000,16.8000000,16.9050000,16.5150000,16.5800000,8129863
110717,000000,16.6550000,16.8450000,16.5350000,16.5600000,8484022
120717,000000,16.6100000,16.7100000,16.3300000,16.4600000,12828644
130717,000000,16.4750000,16.6500000,16.4350000,16.5150000,8196471
140717,000000,16.5550000,16.5800000,16.2100000,16.3650000,9578827
170717,000000,16.4700000,16.4750000,16.2650000,16.3700000,5111673
180717,000000,16.3400000,16.3450000,15.8600000,15.9650000,10163011
190717,000000,16.0100000,16.0350000,15.8150000,15.9050000,6592061
200717,000000,15.9900000,16.0650000,15.7850000,15.8200000,11314070
210717,000000,15.7950000,15.8200000,15.5200000,15.6100000,12049210
240717,000000,15.6200000,16.0250000,15.5100000,15.9550000,9031347
250717,000000,16.0500000,16.5000000,16.0200000,16.4400000,10950407
260717,000000,16.3150000,16.6400000,16.3100000,16.5650000,8683002
270717,000000,16.0000000,16.2000000,15.5000000,15.5050000,25182117
280717,000000,15.4700000,15.6300000,15.3500000,15.4200000,14807054
310717,000000,15.4200000,15.5350000,14.9900000,15.1050000,12606212
010817,000000,15.1900000,15.4100000,14.9900000,15.2900000,10787930
020817,000000,15.3650000,15.4000000,15.1000000,15.1350000,8549699
030817,000000,15.1050000,15.3300000,15.0050000,15.2750000,8375128
040817,000000,15.2200000,15.6500000,15.1650000,15.6200000,9711596
070817,000000,15.6500000,15.6700000,15.4450000,15.4800000,5859531
080817,000000,15.3650000,15.5250000,15.2300000,15.4700000,6933396
090817,000000,15.2000000,15.2700000,14.7600000,14.8700000,16755456
100817,000000,14.9100000,14.9200000,14.4050000,14.4100000,14930479
110817,000000,14.3000000,14.4000000,13.9550000,14.2000000,17084155
140817,000000,14.4900000,14.7600000,14.4500000,14.6850000,10606623
150817,000000,14.7000000,14.7700000,14.4400000,14.6000000,7326494
160817,000000,14.6900000,14.7750000,14.5500000,14.5800000,6455759
170817,000000,14.5000000,14.5000000,14.0750000,14.1650000,12994589
180817,000000,13.8800000,14.1400000,13.7550000,14.1350000,14006384
210817,000000,14.0500000,14.1250000,13.7300000,13.7850000,10665528
220817,000000,13.8200000,13.8900000,13.6950000,13.7550000,9581589
230817,000000,13.8100000,14.0300000,13.6750000,13.8200000,9619840
240817,000000,13.8450000,13.9000000,13.6900000,13.8050000,7817053
250817,000000,13.8500000,14.0000000,13.7700000,13.8000000,6719999
280817,000000,13.7400000,13.8250000,13.6950000,13.7300000,4089307
290817,000000,13.6200000,13.6200000,13.2900000,13.3200000,12875585
300817,000000,13.4900000,13.5650000,13.3450000,13.4450000,6228980
310817,000000,13.5000000,13.6400000,13.4150000,13.4800000,7767894
010917,000000,13.5300000,13.5950000,13.1950000,13.5350000,11482883
040917,000000,13.4000000,13.5250000,13.3750000,13.4750000,4787100
050917,000000,13.4950000,13.5000000,13.2050000,13.2450000,8400982
060917,000000,13.1850000,13.4750000,13.1100000,13.3900000,9947873
070917,000000,13.5250000,13.5900000,13.2550000,13.2900000,12203948
080917,000000,13.2000000,13.4750000,13.1500000,13.3350000,7846424
110917,000000,13.4950000,13.6850000,13.4700000,13.6550000,8720478
120917,000000,13.8600000,14.2650000,13.8100000,14.1650000,15203265
130917,000000,14.1700000,14.2850000,14.1250000,14.1900000,7327435
140917,000000,14.0900000,14.2450000,13.9750000,14.0750000,10128749
150917,000000,14.0000000,14.0550000,13.8250000,13.8700000,18918363
180917,000000,13.9700000,13.9950000,13.8000000,13.8650000,7072244
190917,000000,13.8550000,13.9100000,13.7100000,13.8200000,5698013
200917,000000,13.7450000,13.7700000,13.5050000,13.5850000,11873214
210917,000000,13.7800000,14.1050000,13.7600000,13.9250000,15918271
220917,000000,13.9700000,13.9850000,13.8050000,13.9200000,7109448
250917,000000,13.8700000,13.8950000,13.6400000,13.6800000,8462602
260917,000000,13.5800000,13.7800000,13.5600000,13.6200000,7278092
270917,000000,13.7000000,14.0150000,13.6850000,13.9800000,10669482
280917,000000,14.1200000,14.6300000,14.1200000,14.3300000,17704416
290917,000000,14.3700000,14.6400000,14.2750000,14.5850000,11778133
021017,000000,14.7000000,14.7650000,14.3750000,14.4900000,9727552
041017,000000,14.5100000,14.5100000,14.1550000,14.3500000,11334247
051017,000000,14.2450000,14.6750000,14.2200000,14.6650000,9029203
061017,000000,14.7300000,14.7700000,14.5900000,14.6900000,8878903
091017,000000,14.7100000,14.7850000,14.4050000,14.4250000,7665959
101017,000000,14.3900000,14.4600000,14.2300000,14.3000000,8384477
111017,000000,14.4500000,14.4850000,14.2100000,14.2950000,7079550
121017,000000,14.3150000,14.3200000,14.1100000,14.1800000,7472592
131017,000000,14.1850000,14.2400000,13.9550000,14.0150000,10512810
161017,000000,14.0850000,14.2350000,13.9850000,14.1000000,6997429
171017,000000,14.1700000,14.3150000,14.1100000,14.2650000,6775566
181017,000000,14.2450000,14.4100000,14.1950000,14.3600000,6135475
191017,000000,14.4000000,14.4900000,14.1400000,14.1950000,7133502
201017,000000,14.3000000,14.4300000,14.2450000,14.3800000,7578111
231017,000000,14.3750000,14.4150000,14.2000000,14.2500000,7181388
241017,000000,14.2000000,14.7450000,14.2000000,14.6350000,16714460
251017,000000,14.6850000,14.8150000,14.4800000,14.5200000,15207912
261017,000000,14.4500000,14.4650000,14.1050000,14.4000000,21217517
271017,000000,14.4850000,14.5450000,14.1250000,14.2000000,15778257
301017,000000,14.1400000,14.2000000,13.9300000,13.9600000,11476652
011117,000000,14.0100000,14.1750000,13.8250000,14.1700000,15382096
021117,000000,14.2000000,14.6150000,14.1750000,14.6050000,18604622
031117,000000,14.6450000,14.7350000,14.4300000,14.4800000,16115521
061117,000000,14.4650000,14.5150000,14.2550000,14.5000000,11354995
071117,000000,14.6000000,14.7150000,14.4950000,14.5700000,12307752
081117,000000,14.4600000,14.7200000,14.3200000,14.7150000,15750124
091117,000000,14.7400000,15.0600000,14.7200000,14.9850000,19857675
101117,000000,14.9900000,15.5300000,14.9900000,15.4300000,21400998
131117,000000,15.4700000,15.6700000,15.2600000,15.3950000,16464311
141117,000000,15.5400000,15.6750000,15.3400000,15.4350000,13569774
151117,000000,15.3250000,15.8300000,14.9750000,15.7600000,27929260
161117,000000,15.8800000,16.2200000,15.8450000,16.1500000,17610042
171117,000000,16.2000000,16.3850000,16.0500000,16.2050000,13891337
201117,000000,16.0300000,16.4400000,16.0100000,16.3450000,12925348
211117,000000,16.3200000,16.4350000,16.2450000,16.2700000,12050923
221117,000000,16.2450000,16.3100000,16.0450000,16.0550000,8536400
231117,000000,15.9500000,16.0650000,15.8000000,15.9800000,8448487
241117,000000,15.9850000,16.2200000,15.9600000,16.0550000,7976857
271117,000000,16.0000000,16.1450000,15.7200000,15.7300000,8476483
281117,000000,15.7350000,15.8100000,15.5050000,15.6950000,10080847
291117,000000,15.9500000,16.1000000,15.8850000,16.0550000,10072855
301117,000000,16.0500000,16.1950000,15.8900000,15.9150000,9544006
011217,000000,15.8450000,16.0700000,15.6550000,15.7600000,11830248
041217,000000,16.1450000,16.1950000,15.9800000,16.1100000,8160707
051217,000000,16.1700000,16.1950000,15.8300000,15.9600000,9082940
061217,000000,15.8000000,15.8250000,15.6550000,15.7700000,9644476
071217,000000,15.7500000,15.9550000,15.6600000,15.9450000,7016252
081217,000000,16.0950000,16.5750000,16.0850000,16.4700000,20761042
111217,000000,16.5400000,16.5600000,16.3050000,16.3600000,8013583
121217,000000,16.4300000,16.5150000,16.2200000,16.4900000,7183708
131217,000000,16.4500000,16.5950000,16.3550000,16.5050000,7979380
141217,000000,16.4600000,16.5650000,16.3350000,16.4250000,9536940
151217,000000,16.3000000,16.5800000,16.1850000,16.5550000,18979339
181217,000000,16.6450000,17.1250000,16.6000000,17.1250000,16450397
191217,000000,17.0500000,17.1000000,16.8050000,16.8250000,9416346
201217,000000,16.8600000,16.9500000,16.6050000,16.6350000,8237798
211217,000000,16.6000000,16.6250000,16.3050000,16.5350000,9348282
221217,000000,16.5000000,16.5900000,16.3150000,16.3300000,6847236
271217,000000,16.2700000,16.3500000,16.0650000,16.0800000,5340455
281217,000000,16.0000000,16.1200000,15.8900000,15.9200000,5112478
291217,000000,15.9650000,15.9800000,15.8250000,15.8750000,5592819
020118,000000,16.0340000,16.0880000,15.7800000,15.9240000,10756461
030118,000000,16.0700000,16.0780000,15.8120000,15.9120000,13452565
040118,000000,15.9700000,16.3580000,15.8840000,16.3100000,14148922
050118,000000,16.4000000,16.4560000,15.4320000,15.5000000,26687308
080118,000000,15.5000000,15.5200000,15.1060000,15.3160000,19371016
090118,000000,15.3200000,15.3220000,15.0000000,15.1200000,14854435
100118,000000,15.1400000,15.5580000,15.1240000,15.5480000,20024127
110118,000000,15.5500000,15.5640000,15.2940000,15.3380000,17062102
120118,000000,15.4700000,15.4740000,15.1240000,15.2680000,11914547
150118,000000,15.2900000,15.3980000,15.1900000,15.3500000,6528950
160118,000000,15.3800000,15.4200000,15.1520000,15.2060000,8439326
170118,000000,15.1500000,15.2080000,14.9660000,15.0860000,9659979
180118,000000,15.1500000,15.2580000,15.0260000,15.1920000,9595456
190118,000000,15.1500000,15.3440000,15.1280000,15.3000000,10901642
220118,000000,15.3480000,15.8320000,15.2400000,15.7740000,16860096
230118,000000,15.8340000,16.0160000,15.7220000,15.8500000,14495046
240118,000000,15.9440000,16.2100000,15.7840000,15.9100000,11992083
250118,000000,15.8500000,16.0160000,15.7240000,15.8140000,11110677
260118,000000,15.7500000,15.8800000,15.6200000,15.6780000,7353487
290118,000000,15.7440000,15.7880000,15.4680000,15.5240000,8846965
300118,000000,15.2700000,15.3260000,14.8000000,14.8120000,17352835
310118,000000,14.8540000,14.9920000,14.7760000,14.7940000,12621399
010218,000000,14.9140000,15.0400000,14.6520000,14.7640000,14298031
020218,000000,14.1500000,14.2560000,13.7260000,13.9100000,35178848
050218,000000,13.7500000,14.1140000,13.6200000,13.6260000,17710530
060218,000000,13.2000000,13.4860000,13.0560000,13.1440000,27059204
070218,000000,13.2940000,13.2940000,12.6320000,13.1220000,32001816
080218,000000,13.1500000,13.4840000,12.7000000,12.7120000,21247411
090218,000000,12.7700000,12.9320000,12.3700000,12.4620000,29301490
120218,000000,12.7760000,13.2340000,12.6600000,13.0240000,24435437
130218,000000,13.0480000,13.1400000,12.8400000,12.8520000,12255730
140218,000000,12.9900000,13.0080000,12.7060000,12.9840000,18229154
150218,000000,13.1000000,13.3220000,12.7960000,12.8920000,15143134
160218,000000,12.9800000,13.0600000,12.7400000,12.9100000,13560804
190218,000000,13.0800000,13.3240000,13.0440000,13.1800000,9906041
200218,000000,13.2320000,13.3740000,13.1040000,13.3700000,10001946
210218,000000,13.3680000,13.6220000,13.3040000,13.5940000,11471431
220218,000000,13.4800000,13.6420000,13.2860000,13.4740000,9351327
230218,000000,13.4940000,13.5100000,13.2760000,13.2880000,6054943
260218,000000,13.3820000,13.4480000,13.2860000,13.3300000,6229375
270218,000000,13.3220000,13.4700000,13.2660000,13.4260000,7166863
280218,000000,13.3700000,13.4980000,13.1900000,13.2080000,6673738
010318,000000,13.1000000,13.1380000,12.8540000,12.9380000,12678056
020318,000000,12.7740000,12.8180000,12.5060000,12.5760000,14854877
050318,000000,12.5000000,12.8880000,12.5000000,12.8700000,12853835
060318,000000,12.9780000,13.0760000,12.8400000,12.8520000,10438346
070318,000000,12.8300000,13.1720000,12.7500000,13.1720000,8640497
080318,000000,13.1360000,13.1740000,12.8720000,13.1140000,9203528
090318,000000,13.0720000,13.1500000,12.9740000,13.0260000,7826483
120318,000000,13.1840000,13.2560000,12.9980000,13.0560000,7529296
130318,000000,13.0600000,13.1900000,12.7740000,12.8020000,9616146
140318,000000,12.8000000,12.8980000,12.6100000,12.6880000,8252896
150318,000000,12.8780000,12.8860000,12.6500000,12.7940000,7913222
160318,000000,12.8000000,12.9260000,12.7220000,12.8520000,13530177
190318,000000,12.7800000,12.8780000,12.5180000,12.5520000,8706799
200318,000000,12.6420000,12.7520000,12.6060000,12.6840000,6600601
210318,000000,12.7500000,12.7500000,11.7760000,12.0440000,30378870
220318,000000,11.9000000,11.9320000,11.5220000,11.6400000,21587752
230318,000000,11.5000000,11.5060000,10.9980000,11.3100000,28416793
260318,000000,11.3900000,11.3900000,11.0760000,11.1880000,14410742
270318,000000,11.5000000,11.5780000,11.1980000,11.3380000,15084829
280318,000000,11.1500000,11.2840000,11.0680000,11.1560000,14213475
290318,000000,11.2440000,11.3900000,11.2020000,11.3600000,12586980
030418,000000,11.1920000,11.2720000,11.0000000,11.1760000,11276741
040418,000000,11.0800000,11.2260000,10.8240000,11.1660000,16634423
050418,000000,11.3620000,11.7140000,11.3540000,11.6740000,14991658
060418,000000,11.5300000,11.5500000,11.3160000,11.3500000,11252058
090418,000000,11.8460000,11.8840000,11.4200000,11.4700000,16149426
100418,000000,11.5500000,11.5920000,11.3160000,11.4220000,12250559
110418,000000,11.4400000,11.6200000,11.3700000,11.4980000,10169473
120418,000000,11.4800000,11.7120000,11.4380000,11.6560000,6873275
130418,000000,11.7020000,11.9380000,11.6260000,11.6820000,10738484
160418,000000,11.7580000,11.7940000,11.5600000,11.6100000,7270095
170418,000000,11.6180000,11.7180000,11.5920000,11.6840000,7554890
180418,000000,11.6800000,11.7820000,11.6240000,11.7360000,6045054
190418,000000,11.6900000,11.7460000,11.5800000,11.6900000,6811381
200418,000000,11.6420000,11.6900000,11.4700000,11.5780000,11440557
230418,000000,11.5780000,11.7340000,11.4980000,11.7080000,7513318
240418,000000,11.6900000,12.2080000,11.6500000,12.1900000,16965282
250418,000000,12.0380000,12.0640000,11.7560000,12.0060000,14017441
260418,000000,11.5800000,12.1980000,11.4820000,11.8420000,22384905
270418,000000,11.8980000,11.8980000,11.2620000,11.3920000,20535333
300418,000000,11.4500000,11.5240000,11.3100000,11.3480000,7462179
020518,000000,11.3620000,11.5040000,11.3020000,11.4480000,9261958
030518,000000,11.4000000,11.6300000,11.2840000,11.3040000,11278312
040518,000000,11.2500000,11.5440000,11.2340000,11.5300000,8811229
070518,000000,11.5460000,11.5660000,11.3880000,11.5280000,7155753
080518,000000,11.5220000,11.6360000,11.3120000,11.4520000,8754285
090518,000000,11.4100000,11.6000000,11.4100000,11.5460000,6583803
100518,000000,11.6100000,11.6660000,11.4600000,11.6280000,4821720
110518,000000,11.6000000,11.7100000,11.5840000,11.6440000,5981867
140518,000000,11.6100000,11.7160000,11.4100000,11.4800000,9251934
150518,000000,11.3740000,11.4000000,11.1820000,11.2940000,13533409
160518,000000,11.2300000,11.2540000,10.9160000,10.9500000,17513706
170518,000000,10.9940000,11.1120000,10.9100000,11.0240000,9467897
180518,000000,11.0420000,11.1320000,10.8060000,10.8200000,15375787
220518,000000,10.8220000,11.0160000,10.7860000,11.0060000,13091018
230518,000000,11.0300000,11.0300000,10.7480000,10.8860000,15142183
240518,000000,10.9000000,10.9940000,10.1860000,10.3600000,34088496
250518,000000,10.4000000,10.5380000,10.2640000,10.3660000,19017335
280518,000000,10.4980000,10.5200000,10.2460000,10.3060000,11839124
290518,000000,10.1940000,10.2060000,9.7050000,9.9060000,33151898
070618,000000,9.7040000,9.7080000,9.6210000,9.6400000,3514757
140618,000000,9.6580000,9.7400000,9.6060000,9.6740000,10872856
150618,000000,9.7300000,9.7300000,9.3120000,9.5120000,27038232
180618,000000,9.4400000,9.6760000,9.4120000,9.4680000,12637575
190618,000000,9.3000000,9.6400000,9.2620000,9.5830000,14596284
200618,000000,9.6750000,9.7230000,9.5540000,9.6030000,13606494
210618,000000,9.5850000,9.6430000,9.3270000,9.3650000,15656919
220618,000000,9.4000000,9.5900000,9.3920000,9.5090000,8180769
250618,000000,9.3920000,9.4110000,9.2390000,9.2610000,10526073
260618,000000,9.2770000,9.3110000,9.1510000,9.2180000,6091248
270618,000000,9.1900000,9.2020000,8.7550000,9.0290000,28753018
280618,000000,9.0000000,9.1080000,8.8800000,9.0600000,14185852
290618,000000,9.1000000,9.4530000,9.0680000,9.2150000,20765724
020718,000000,9.0710000,9.2100000,8.9130000,9.1420000,14018946
030718,000000,9.1510000,9.3370000,9.0570000,9.2570000,10944288
040718,000000,9.2360000,9.3490000,9.2050000,9.3200000,7338392
050718,000000,9.3500000,9.6920000,9.3500000,9.5430000,17087698
060718,000000,9.5600000,10.1200000,9.5150000,9.7670000,33284661
090718,000000,9.8540000,9.8670000,9.6580000,9.7920000,8345180
100718,000000,9.8480000,9.8970000,9.6870000,9.7550000,12252355
110718,000000,9.6550000,9.6670000,9.5380000,9.5740000,12187756
120718,000000,9.6130000,9.6440000,9.4510000,9.5500000,9607675
130718,000000,9.6000000,9.7440000,9.4570000,9.6360000,15076316
160718,000000,9.6300000,10.4980000,9.5390000,10.2940000,37424595
170718,000000,10.4380000,10.4840000,10.0600000,10.1560000,18425208
180718,000000,10.2180000,10.3900000,10.0240000,10.3560000,11038645
190718,000000,10.3440000,10.4680000,10.2480000,10.2920000,9730071
200718,000000,10.3000000,10.3720000,10.1000000,10.2560000,13822200
230718,000000,10.2900000,10.4220000,10.2260000,10.3640000,7575297
240718,000000,10.4500000,10.5260000,10.3680000,10.5000000,10329405
250718,000000,10.5120000,10.5140000,10.2200000,10.2780000,10844619
260718,000000,10.3300000,10.5800000,10.2900000,10.5440000,11845029
270718,000000,10.5700000,10.6560000,10.5420000,10.6380000,9520057
300718,000000,10.6400000,10.9920000,10.6400000,10.9300000,11636725
310718,000000,10.9920000,11.2840000,10.9860000,11.2060000,17034887
010818,000000,11.2500000,11.2560000,10.9680000,11.1140000,9198623
020818,000000,11.0000000,11.0020000,10.6120000,10.7340000,12546176
030818,000000,10.7700000,10.8760000,10.6220000,10.7560000,7460708
060818,000000,10.8800000,10.8800000,10.6960000,10.7520000,6913490
070818,000000,10.8620000,10.9740000,10.8420000,10.9440000,7208244
080818,000000,10.9000000,10.9640000,10.7640000,10.7780000,9583716
090818,000000,10.7100000,10.7940000,10.6320000,10.7260000,5816609
100818,000000,10.4800000,10.4980000,10.1320000,10.3120000,22004425
130818,000000,9.9980000,10.2400000,9.9490000,10.1000000,15848909
140818,000000,10.2000000,10.2920000,9.9900000,10.0380000,9902600
150818,000000,10.1280000,10.2060000,9.7400000,9.7720000,14802433
160818,000000,9.9500000,9.9740000,9.7970000,9.9080000,8194198
170818,000000,9.9060000,9.9060000,9.6610000,9.7420000,10789310
200818,000000,9.8230000,9.8960000,9.7050000,9.7720000,6568400
210818,000000,9.7510000,9.9630000,9.7280000,9.9380000,7837365
220818,000000,9.9200000,10.0980000,9.8950000,9.9740000,7915478
230818,000000,9.9230000,9.9570000,9.7240000,9.8510000,7546437
240818,000000,9.8350000,9.9630000,9.7650000,9.8040000,5783998
270818,000000,9.8840000,10.0460000,9.7970000,10.0380000,6367159
280818,000000,10.0500000,10.1000000,9.8810000,9.8900000,7531186
290818,000000,9.8820000,9.9910000,9.8170000,9.9870000,6991012
300818,000000,9.9470000,9.9640000,9.7680000,9.8150000,7853132
310818,000000,9.7600000,9.7800000,9.6180000,9.6760000,7972785
030918,000000,9.6800000,9.7810000,9.6580000,9.7810000,7269455
040918,000000,9.8270000,9.9330000,9.6990000,9.8380000,10236214
050918,000000,9.8200000,10.0800000,9.7980000,9.8700000,12413576
060918,000000,9.8420000,9.9400000,9.7470000,9.7660000,9753962
070918,000000,9.7580000,9.8130000,9.4530000,9.6260000,16271320
100918,000000,9.6040000,9.7200000,9.5240000,9.5810000,9617448
110918,000000,9.5980000,9.6860000,9.4620000,9.6280000,13420340
120918,000000,9.6850000,9.6900000,9.4540000,9.5370000,9732389
130918,000000,9.5620000,9.8460000,9.5410000,9.7100000,12295290
140918,000000,9.7910000,9.8370000,9.6200000,9.7970000,10147539
170918,000000,9.7400000,9.8860000,9.7150000,9.8800000,7461916
180918,000000,9.8780000,9.9620000,9.7920000,9.9110000,7399749
190918,000000,9.9390000,10.2140000,9.9260000,10.1940000,12629188
200918,000000,10.2000000,10.4440000,10.1920000,10.3920000,13227991
210918,000000,10.4680000,10.6260000,10.3400000,10.5300000,22618743
240918,000000,10.4900000,10.6080000,10.3960000,10.4620000,9689073
250918,000000,10.4420000,10.5680000,10.3680000,10.3880000,7537297
260918,000000,10.3800000,10.3800000,10.1860000,10.2400000,6413325
270918,000000,10.1320000,10.2440000,10.0200000,10.1900000,8818815
280918,000000,10.1040000,10.1180000,9.7260000,9.8400000,16898603
011018,000000,9.7850000,9.8460000,9.6740000,9.7080000,9438207
021018,000000,9.6880000,9.7300000,9.5020000,9.5860000,11098838
041018,000000,9.7020000,9.8840000,9.6470000,9.7530000,12214253
051018,000000,9.7610000,9.9380000,9.6930000,9.7130000,10035974
081018,000000,9.6630000,9.6710000,9.4670000,9.5440000,9004846
091018,000000,9.6100000,9.6440000,9.4220000,9.6160000,7612131
101018,000000,9.5910000,9.8370000,9.5330000,9.6330000,9600828
111018,000000,9.4200000,9.6500000,9.3710000,9.4600000,14029332
121018,000000,9.5420000,9.6080000,9.3390000,9.3840000,8099046
151018,000000,9.3700000,9.5520000,9.3420000,9.5250000,6692238
161018,000000,9.5550000,9.6780000,9.5340000,9.6550000,8172855
171018,000000,9.6800000,9.8340000,9.6700000,9.7900000,8911293
181018,000000,9.8200000,9.9710000,9.5920000,9.6030000,8867361
191018,000000,9.6000000,9.6000000,9.4010000,9.4780000,13772284
221018,000000,9.6070000,9.6900000,9.3700000,9.3890000,8389067
231018,000000,9.3100000,9.3990000,9.2040000,9.3500000,10218535
241018,000000,9.3070000,9.3080000,8.8310000,8.8370000,21659310
251018,000000,8.7630000,8.9680000,8.6360000,8.8180000,16856983
261018,000000,8.7110000,8.7140000,8.4190000,8.5000000,16349039
291018,000000,8.5340000,8.7070000,8.5200000,8.5740000,9365631
301018,000000,8.6410000,8.7010000,8.5090000,8.5920000,8801293
311018,000000,8.7300000,8.7460000,8.6010000,8.6650000,8158743
011118,000000,8.6400000,8.9990000,8.5820000,8.9130000,15957488
021118,000000,9.0900000,9.2690000,9.0670000,9.2140000,15931386
051118,000000,9.2110000,9.2570000,9.0840000,9.1810000,6554862
061118,000000,9.2010000,9.2080000,9.0040000,9.0660000,6375617
071118,000000,9.1290000,9.2990000,9.1280000,9.1910000,8431788
081118,000000,9.2100000,9.3670000,9.1270000,9.1270000,8578077
091118,000000,9.0820000,9.0960000,8.8820000,8.9660000,9910179
121118,000000,8.9810000,9.0290000,8.6540000,8.6830000,8418761
131118,000000,8.6820000,8.8340000,8.6220000,8.8170000,7697070
141118,000000,8.7420000,8.8860000,8.6230000,8.7340000,6530391
151118,000000,8.7500000,8.8460000,8.5330000,8.6070000,9249838
161118,000000,8.6780000,8.7220000,8.5180000,8.6110000,9420529
191118,000000,8.6040000,8.7340000,8.5060000,8.5700000,6843813
201118,000000,8.5000000,8.5100000,8.0540000,8.1750000,21181665
211118,000000,8.2210000,8.3290000,8.1420000,8.3180000,8509452
221118,000000,8.2740000,8.3090000,8.1360000,8.2470000,6361632
231118,000000,8.2070000,8.3040000,8.1380000,8.1780000,7196345
261118,000000,8.2500000,8.5710000,8.2500000,8.5610000,9970055
271118,000000,8.5950000,8.7170000,8.5300000,8.6680000,6627551
281118,000000,8.6990000,8.7520000,8.5440000,8.5780000,6256975
291118,000000,8.6450000,8.7230000,8.1720000,8.2900000,18397220
301118,000000,8.2800000,8.2800000,7.9930000,8.0420000,15311779
031218,000000,8.2990000,8.4130000,8.2020000,8.3050000,10028269
041218,000000,8.2650000,8.2990000,8.0500000,8.0780000,7673419
051218,000000,8.0000000,8.1630000,7.8690000,8.0750000,10639438
061218,000000,7.9210000,7.9400000,7.6700000,7.6760000,19552454
071218,000000,7.7810000,7.8780000,7.7040000,7.7330000,10757084
101218,000000,7.7030000,7.7900000,7.2400000,7.2740000,17843965
111218,000000,7.3710000,7.5670000,7.2720000,7.4620000,11631871
121218,000000,7.4760000,7.9120000,7.3920000,7.8890000,18058684
131218,000000,8.0010000,8.2240000,7.7710000,7.8340000,14341985
141218,000000,7.7400000,7.8660000,7.5720000,7.8410000,8219155
171218,000000,7.8230000,7.8890000,7.6030000,7.6790000,9012160
181218,000000,7.6170000,7.7660000,7.5830000,7.6520000,8596718
191218,000000,7.7010000,7.7850000,7.5150000,7.5440000,8354685
201218,000000,7.4000000,7.4000000,6.9940000,7.0130000,21526583
211218,000000,7.0000000,7.1000000,6.8420000,7.0390000,23029239
271218,000000,7.1000000,7.1300000,6.6780000,6.7540000,14225712
281218,000000,6.8100000,7.0090000,6.7810000,6.9670000,9307414
020119,000000,7.0700000,7.1850000,6.8360000,7.1480000,14003389
030119,000000,7.0690000,7.2890000,7.0260000,7.1180000,10429882
040119,000000,7.2000000,7.4500000,7.1700000,7.4100000,11806909
070119,000000,7.5070000,7.5930000,7.4050000,7.5460000,9682758
080119,000000,7.5960000,7.7990000,7.5710000,7.6380000,12527714
090119,000000,7.6600000,7.6980000,7.3600000,7.4440000,13153501
100119,000000,7.2800000,7.4850000,7.1500000,7.4600000,10572634
110119,000000,7.4840000,7.5740000,7.3210000,7.4500000,11222126
140119,000000,7.3850000,7.5120000,7.3130000,7.4640000,9991417
150119,000000,7.5660000,7.7100000,7.3400000,7.4760000,12754899
160119,000000,7.5380000,8.1450000,7.5380000,8.1050000,16900004
170119,000000,7.9350000,8.0840000,7.7420000,7.7980000,18298601
180119,000000,7.8970000,8.0430000,7.8810000,7.9870000,16334123
210119,000000,7.9540000,8.0260000,7.8860000,7.9820000,6134955
220119,000000,7.8300000,7.8910000,7.6740000,7.8710000,9684452
230119,000000,7.7450000,8.0430000,7.7100000,7.9750000,10207791
240119,000000,7.9500000,8.0470000,7.6130000,7.7970000,13379574
250119,000000,7.9100000,8.1480000,7.8560000,8.1280000,12152680
280119,000000,8.1680000,8.3200000,8.0440000,8.0790000,9691348
290119,000000,8.0910000,8.1910000,8.0140000,8.1330000,7433069
300119,000000,8.0900000,8.1200000,7.9560000,8.0470000,7912203
310119,000000,8.1020000,8.2090000,7.6390000,7.7460000,20578261
010219,000000,7.8000000,7.8380000,7.4100000,7.7150000,19324925
040219,000000,7.7220000,7.8610000,7.5450000,7.6350000,10302533
050219,000000,7.6200000,7.8150000,7.5880000,7.7860000,8236634
060219,000000,7.7600000,7.9080000,7.6300000,7.9000000,8815026
070219,000000,7.8700000,7.9470000,7.3360000,7.3900000,16788179
080219,000000,7.3500000,7.3750000,7.0970000,7.2070000,13973319
110219,000000,7.2520000,7.4380000,7.2020000,7.3850000,8646205
120219,000000,7.4640000,7.5730000,7.4510000,7.5290000,7641070
130219,000000,7.5270000,7.6380000,7.4440000,7.5800000,7268910
140219,000000,7.6200000,7.6600000,7.3300000,7.3910000,9268530
150219,000000,7.3200000,7.7960000,7.2780000,7.7530000,12883648
180219,000000,7.6990000,7.7990000,7.6740000,7.7470000,5236294
190219,000000,7.7760000,7.7820000,7.4100000,7.5710000,8535452
200219,000000,7.6000000,7.6830000,7.5440000,7.6770000,6300262
210219,000000,7.6930000,7.7530000,7.5700000,7.6720000,8061052
220219,000000,7.6170000,7.7820000,7.6100000,7.6300000,7654678
250219,000000,7.6800000,7.8160000,7.6740000,7.7420000,7060758
260219,000000,7.6810000,7.8920000,7.5710000,7.8430000,8280036
270219,000000,7.7750000,7.9910000,7.7340000,7.9720000,13355815
280219,000000,7.9260000,8.2400000,7.8530000,8.1760000,13441792
010319,000000,8.2300000,8.2970000,8.1700000,8.1710000,9874768
040319,000000,8.2380000,8.2800000,8.1240000,8.1350000,5578148
050319,000000,8.0510000,8.2110000,7.9700000,8.0590000,8559878
060319,000000,8.0380000,8.2490000,8.0100000,8.1690000,8546290
070319,000000,8.1140000,8.1900000,7.6830000,7.7490000,17062174
080319,000000,7.7000000,7.7460000,7.5970000,7.6960000,11369129
110319,000000,7.7100000,8.1310000,7.6500000,8.0400000,14849430
120319,000000,8.1500000,8.2050000,7.7980000,7.8810000,12462452
130319,000000,7.8460000,7.9940000,7.8150000,7.9570000,5629482
140319,000000,7.9900000,8.0300000,7.8590000,7.8890000,7252387
150319,000000,7.9270000,7.9300000,7.7540000,7.8100000,12866694
180319,000000,8.0000000,8.2330000,8.0000000,8.1750000,20794320
190319,000000,8.0400000,8.0730000,7.8300000,8.0080000,11406036
200319,000000,7.9500000,8.0030000,7.7500000,7.7890000,11214231
210319,000000,7.6500000,7.6510000,7.4060000,7.4290000,15246713
220319,000000,7.5760000,7.6780000,7.2550000,7.2800000,15150490
250319,000000,7.2500000,7.3500000,7.1340000,7.2330000,10163495
260319,000000,7.2200000,7.3630000,7.1210000,7.3080000,10027925
270319,000000,7.3300000,7.6830000,7.2730000,7.5160000,14967645
280319,000000,7.4560000,7.5000000,7.1660000,7.2570000,14548413
290319,000000,7.2500000,7.3430000,7.1950000,7.2390000,8627491
010419,000000,7.3390000,7.5580000,7.2660000,7.5340000,11458540
020419,000000,7.5700000,7.6560000,7.4880000,7.6040000,7765542
030419,000000,7.6620000,7.7410000,7.6030000,7.6630000,11318639
040419,000000,7.5900000,7.6350000,7.4470000,7.5750000,14303222
050419,000000,7.5590000,7.6380000,7.4920000,7.4950000,10431237
080419,000000,7.4570000,7.5100000,7.3190000,7.3270000,9760373
090419,000000,7.3300000,7.4730000,7.2850000,7.3200000,7337619
100419,000000,7.3080000,7.4310000,7.2150000,7.2440000,8833658
110419,000000,7.2840000,7.5490000,7.1530000,7.4870000,12983255
120419,000000,7.4260000,7.7600000,7.3670000,7.6110000,15654582
150419,000000,7.6000000,7.7750000,7.5830000,7.6630000,7141488
160419,000000,7.6500000,7.8080000,7.5840000,7.7510000,7669545
170419,000000,7.8390000,7.9350000,7.7910000,7.8560000,10046459
180419,000000,7.8500000,7.8700000,7.6430000,7.7870000,12391575
230419,000000,7.7600000,7.7760000,7.6300000,7.6530000,8790336
240419,000000,7.5600000,7.7130000,7.5310000,7.5850000,9770917
250419,000000,7.6090000,7.9570000,7.3620000,7.4540000,25510349
260419,000000,7.4300000,7.4420000,7.1730000,7.3230000,21745530
290419,000000,7.2800000,7.3800000,7.2000000,7.3700000,12953595
300419,000000,7.3550000,7.4510000,7.2920000,7.3850000,7536691
020519,000000,7.3430000,7.5910000,7.2800000,7.3610000,11823495
030519,000000,7.3660000,7.4370000,7.2600000,7.3260000,7302154
060519,000000,7.2000000,7.2460000,7.1090000,7.2050000,10584784
070519,000000,7.1500000,7.2040000,7.0100000,7.0170000,12523788
080519,000000,7.0010000,7.0880000,6.9100000,7.0680000,11773992
090519,000000,7.0310000,7.0310000,6.8010000,6.8240000,13854214
100519,000000,6.9600000,7.0200000,6.8800000,6.9650000,10771872
130519,000000,6.9360000,6.9540000,6.7880000,6.8130000,10143734
140519,000000,6.8420000,6.8820000,6.7740000,6.8770000,8276399
150519,000000,6.9200000,6.9380000,6.7020000,6.8500000,13633025
160519,000000,6.8110000,6.9090000,6.7510000,6.8920000,9629169
170519,000000,6.8450000,6.8690000,6.7300000,6.8440000,11670389
200519,000000,6.7400000,6.7980000,6.6070000,6.6240000,12946244
210519,000000,6.6500000,6.7340000,6.5810000,6.7080000,11805070
220519,000000,6.7000000,6.7290000,6.5820000,6.6300000,10740724
230519,000000,6.5340000,6.5360000,6.3500000,6.4480000,18700544
240519,000000,6.4450000,6.4600000,6.3100000,6.3830000,10940996
270519,000000,6.4730000,6.5130000,6.3630000,6.4520000,8182944
280519,000000,6.4000000,6.4600000,6.2800000,6.3050000,14662116
290519,000000,6.1850000,6.2020000,6.1230000,6.1550000,9778422
300519,000000,6.2290000,6.2850000,6.1250000,6.2080000,8539135
310519,000000,6.1450000,6.1500000,6.0250000,6.0720000,12437927
030619,000000,6.0000000,6.0100000,5.8010000,5.9810000,19244050
040619,000000,5.9500000,6.2400000,5.9400000,6.2350000,15265265
050619,000000,6.2500000,6.2830000,6.0820000,6.1550000,9967015
060619,000000,6.1230000,6.2040000,5.8630000,5.9520000,17870820
070619,000000,5.9820000,6.0280000,5.9270000,5.9660000,9067413
110619,000000,6.0220000,6.2070000,5.9900000,6.1900000,11427924
120619,000000,6.1000000,6.1360000,6.0150000,6.1340000,9947790
130619,000000,6.1120000,6.1730000,6.0520000,6.1090000,8624281
140619,000000,6.0640000,6.0810000,5.9790000,6.0260000,7655736
170619,000000,6.1110000,6.2830000,6.0880000,6.1180000,12534364
180619,000000,6.0730000,6.3610000,5.9990000,6.3350000,18958077
190619,000000,6.3760000,6.5040000,6.3520000,6.4890000,12901345
200619,000000,6.4600000,6.4860000,6.3000000,6.3080000,11278073
210619,000000,6.2600000,6.4810000,6.2550000,6.3280000,19617607
240619,000000,6.3240000,6.4320000,6.2280000,6.2730000,8853697
250619,000000,6.2340000,6.2920000,6.1870000,6.2520000,5895084
260619,000000,6.2600000,6.4960000,6.2480000,6.4870000,12549648
270619,000000,6.4980000,6.6760000,6.4850000,6.5850000,10500978
280619,000000,6.8220000,6.8800000,6.7240000,6.7870000,16376127
010719,000000,6.9220000,7.0200000,6.7400000,6.7600000,13290644
020719,000000,6.7800000,6.8370000,6.6270000,6.7630000,7939495
030719,000000,6.7100000,6.9390000,6.6430000,6.9320000,12319569
040719,000000,6.8960000,7.0180000,6.8800000,7.0020000,8768579
050719,000000,7.0200000,7.3830000,6.9650000,7.1760000,19549074
080719,000000,7.4210000,7.4900000,6.6550000,6.7950000,38192169
090719,000000,6.6510000,6.7160000,6.3470000,6.5080000,23344482
100719,000000,6.5000000,6.7060000,6.4990000,6.5300000,15611418
110719,000000,6.5010000,6.6050000,6.4300000,6.5930000,11775650
120719,000000,6.6500000,6.7920000,6.6500000,6.7450000,12987635
150719,000000,6.7940000,6.9430000,6.7450000,6.9050000,12255176
160719,000000,6.8820000,7.2500000,6.8820000,7.1820000,14808831
170719,000000,7.1500000,7.2070000,7.0200000,7.0250000,10360414
180719,000000,6.9500000,7.0780000,6.9120000,6.9880000,9748221
190719,000000,7.0590000,7.0740000,6.8110000,6.8770000,11594266
220719,000000,6.9000000,7.0210000,6.8300000,6.9350000,7427501
230719,000000,7.0000000,7.1610000,6.9820000,7.1270000,9211861
240719,000000,6.9290000,7.0000000,6.7200000,6.9880000,20507449
250719,000000,7.0300000,7.3930000,6.9500000,7.1290000,26815845
260719,000000,7.0520000,7.1650000,6.9520000,7.1270000,13617171
290719,000000,7.0900000,7.1310000,7.0280000,7.0890000,6166734
300719,000000,7.0120000,7.0450000,6.8150000,6.9100000,16483852
310719,000000,6.9400000,7.1910000,6.9320000,7.0510000,16705963
010819,000000,7.0430000,7.1700000,7.0250000,7.0820000,10963235
020819,000000,6.8440000,7.0500000,6.8100000,7.0500000,19752457
050819,000000,6.9710000,7.0220000,6.8560000,6.8990000,16442884
060819,000000,6.9020000,6.9160000,6.7130000,6.7260000,12231391
070819,000000,6.7990000,6.8310000,6.5380000,6.6080000,16546425
080819,000000,6.7190000,6.8520000,6.5680000,6.8390000,12210485
090819,000000,6.7710000,6.9510000,6.6750000,6.6870000,13369244
120819,000000,6.7580000,6.7640000,6.2900000,6.3110000,13936934
130819,000000,6.2100000,6.4520000,6.0880000,6.3790000,20888947
140819,000000,6.3640000,6.3640000,6.0380000,6.0510000,17645287
150819,000000,6.0800000,6.0830000,5.8080000,5.8820000,21353079
160819,000000,5.8770000,6.1670000,5.7770000,6.1530000,31913913
190819,000000,6.3420000,6.4280000,6.2810000,6.3310000,14156273
200819,000000,6.3860000,6.3860000,6.2300000,6.2950000,9881830
210819,000000,6.3100000,6.4310000,6.2940000,6.3430000,8001656
220819,000000,6.2900000,6.5260000,6.2620000,6.4650000,9918698
230819,000000,6.5100000,6.5500000,6.3620000,6.3770000,11867110
260819,000000,6.3200000,6.4030000,6.3070000,6.3360000,7214912
270819,000000,6.3300000,6.4820000,6.2900000,6.4340000,6860552
280819,000000,6.4680000,6.4680000,6.3380000,6.4580000,5883880
290819,000000,6.4450000,6.5990000,6.4020000,6.5520000,9960641
300819,000000,6.6000000,6.6260000,6.5510000,6.5600000,8413743
020919,000000,6.5630000,6.6790000,6.5300000,6.6530000,5396910
030919,000000,6.6450000,6.6840000,6.5530000,6.6180000,8671780
040919,000000,6.7000000,6.8070000,6.6850000,6.7390000,8449420
050919,000000,6.8500000,7.0710000,6.7680000,7.0670000,13760303
060919,000000,7.0500000,7.1550000,6.9480000,7.1130000,14389214
090919,000000,7.1600000,7.3360000,7.1600000,7.3320000,13355800
100919,000000,7.2920000,7.5050000,7.2800000,7.4550000,19262491
110919,000000,7.5000000,7.5990000,7.2850000,7.4860000,17596495
120919,000000,7.5250000,7.7460000,7.1430000,7.4200000,27546306
130919,000000,7.4460000,7.6940000,7.4400000,7.6900000,16137538
160919,000000,7.5300000,7.5660000,7.3920000,7.4950000,12203837
170919,000000,7.4590000,7.4710000,7.2540000,7.3330000,10929802
180919,000000,7.3500000,7.3500000,7.2370000,7.2420000,6896880
190919,000000,7.2610000,7.4100000,7.2280000,7.3600000,9187264
200919,000000,7.3400000,7.4260000,7.2820000,7.2820000,13051626
230919,000000,7.2700000,7.2880000,7.0000000,7.0520000,11963358
240919,000000,7.0750000,7.1340000,6.9100000,6.9190000,7456746
250919,000000,6.8800000,6.9540000,6.6960000,6.9500000,13935926
260919,000000,6.9600000,6.9600000,6.7940000,6.8140000,7512901
270919,000000,6.8000000,6.9550000,6.7720000,6.9160000,7697634
300919,000000,6.9370000,6.9870000,6.8300000,6.8810000,5954487
011019,000000,6.9090000,6.9650000,6.6350000,6.6740000,10486688
021019,000000,6.6500000,6.7200000,6.5600000,6.5780000,12055971
041019,000000,6.5200000,6.5310000,6.3690000,6.4700000,13850824
071019,000000,6.4890000,6.4890000,6.3480000,6.4560000,8403592
081019,000000,6.5150000,6.5290000,6.2050000,6.3200000,10892954
091019,000000,6.3000000,6.3750000,6.2560000,6.2830000,6750779
101019,000000,6.3010000,6.4710000,6.2620000,6.4450000,9702979
111019,000000,6.5400000,6.7770000,6.5030000,6.7700000,11681875
141019,000000,6.7700000,6.8820000,6.6810000,6.8520000,8965281
151019,000000,6.9000000,7.0770000,6.8180000,7.0290000,11776522
161019,000000,7.0210000,7.1990000,6.9180000,7.1170000,15493954
171019,000000,7.0820000,7.2420000,7.0530000,7.1420000,15669666
181019,000000,7.1290000,7.2320000,7.0520000,7.0910000,11500143
211019,000000,7.0980000,7.3230000,7.0920000,7.3070000,13462031
221019,000000,7.3150000,7.3730000,7.1620000,7.1960000,10187805
231019,000000,7.1000000,7.1950000,7.0550000,7.1930000,7426620
241019,000000,7.2020000,7.2540000,7.0600000,7.0830000,9793852
251019,000000,7.0660000,7.1830000,7.0660000,7.1790000,5922785
281019,000000,7.1820000,7.2720000,7.1620000,7.2370000,9179524
291019,000000,7.2490000,7.2910000,7.1360000,7.2150000,6856766
301019,000000,7.1460000,7.1540000,6.5790000,6.6590000,30945503
311019,000000,6.6200000,6.6430000,6.4530000,6.5010000,16048890
011119,000000,6.5330000,6.6320000,6.4420000,6.5870000,9004702
041119,000000,6.6890000,6.8680000,6.6600000,6.8150000,12544751
051119,000000,6.8920000,6.9870000,6.8500000,6.9230000,12173544
061119,000000,6.9000000,7.1380000,6.8800000,6.9270000,15964648
071119,000000,7.0000000,7.0970000,6.9200000,7.0330000,12703358
081119,000000,7.0260000,7.0290000,6.8710000,6.9220000,11273341
111119,000000,6.8900000,6.9060000,6.7490000,6.8810000,9923592
121119,000000,6.8870000,7.0280000,6.8870000,6.9680000,9258543
131119,000000,6.9230000,6.9280000,6.6530000,6.6690000,14894376
141119,000000,6.6500000,6.6570000,6.5080000,6.5650000,9858332
151119,000000,6.6000000,6.6500000,6.5150000,6.5910000,9545845
181119,000000,6.5600000,6.7010000,6.5400000,6.6210000,7904879
191119,000000,6.6730000,6.7520000,6.5660000,6.5900000,8519277
201119,000000,6.5120000,6.6100000,6.4260000,6.5970000,9154727
211119,000000,6.5200000,6.6630000,6.4840000,6.6480000,7300963
221119,000000,6.6740000,6.8080000,6.6000000,6.6770000,11409395
251119,000000,6.7500000,6.8200000,6.6520000,6.6680000,7484250
261119,000000,6.6740000,6.7370000,6.6090000,6.6240000,5902033
271119,000000,6.6130000,6.7250000,6.5650000,6.6790000,9743238
281119,000000,6.6670000,6.6670000,6.5850000,6.6190000,3893381
291119,000000,6.5900000,6.6130000,6.5400000,6.5580000,6350804
021219,000000,6.5650000,6.6270000,6.4630000,6.4640000,11166481
031219,000000,6.4830000,6.5140000,6.3310000,6.3400000,11018333
041219,000000,6.3110000,6.4580000,6.2800000,6.4550000,10205928
051219,000000,6.4800000,6.5760000,6.4490000,6.4760000,6789818
061219,000000,6.4650000,6.5540000,6.4150000,6.5300000,6687578
091219,000000,6.5240000,6.6880000,6.5160000,6.5500000,8184341
101219,000000,6.6010000,6.6520000,6.4190000,6.4850000,11800751
111219,000000,6.4810000,6.6050000,6.4710000,6.5670000,7404215
161219,000000,6.8000000,6.9550000,6.7500000,6.9510000,11453486
171219,000000,6.9180000,6.9900000,6.8720000,6.9850000,7553023
181219,000000,6.9750000,7.0790000,6.9480000,7.0160000,7815262
191219,000000,6.9990000,7.0970000,6.9590000,7.0950000,9295363
201219,000000,7.0820000,7.1380000,6.9640000,7.0730000,21150268
231219,000000,7.0360000,7.0360000,6.9060000,6.9060000,7771881
271219,000000,6.8920000,6.9800000,6.8620000,6.9050000,6799267
301219,000000,6.8820000,6.9550000,6.8780000,6.9170000,5349478
020120,000000,6.9870000,7.3360000,6.9750000,7.3360000,19572491
030120,000000,7.3060000,7.3580000,7.1740000,7.2490000,11600909
060120,000000,7.1890000,7.1940000,7.0050000,7.1770000,12109748
070120,000000,7.2310000,7.4420000,7.2260000,7.4300000,12964935
080120,000000,7.3640000,7.6750000,7.3040000,7.6640000,18508210
090120,000000,7.7980000,7.8800000,7.6840000,7.7290000,15719684
100120,000000,7.7820000,7.7820000,7.6390000,7.7110000,11488859
130120,000000,7.7210000,7.7400000,7.5420000,7.5970000,9669144
140120,000000,7.5890000,7.7410000,7.4960000,7.7320000,12400413
150120,000000,7.7290000,7.7540000,7.5630000,7.5820000,9624816
160120,000000,7.6720000,7.6880000,7.5160000,7.6390000,10954828
170120,000000,7.6800000,7.7060000,7.5750000,7.6090000,9959559
200120,000000,7.5600000,7.5750000,7.4060000,7.4580000,7213307
210120,000000,7.3900000,7.5540000,7.2930000,7.4940000,9198089
220120,000000,7.5380000,7.5690000,7.4560000,7.5580000,9156719
230120,000000,7.5340000,7.7500000,7.5030000,7.6770000,19368182
240120,000000,7.7500000,7.8900000,7.7350000,7.8130000,16322439
270120,000000,7.6560000,7.7700000,7.6280000,7.7510000,14448429
280120,000000,7.8100000,7.8910000,7.6970000,7.8600000,13621613
290120,000000,7.8700000,7.9940000,7.8250000,7.9920000,13158953
300120,000000,7.7600000,8.3350000,7.7430000,8.2910000,25865522
310120,000000,8.4200000,8.6500000,8.2170000,8.3040000,24121011
030220,000000,8.2990000,8.3360000,8.1260000,8.1310000,13764268
040220,000000,8.1750000,8.2500000,8.1280000,8.1440000,11503959
050220,000000,8.1500000,8.3030000,8.0950000,8.2550000,12377953
060220,000000,8.3500000,9.4100000,8.3500000,9.2960000,45257898
070220,000000,9.3490000,9.5620000,9.2000000,9.5590000,22178747
100220,000000,9.5000000,9.5800000,9.3300000,9.4030000,14048227
110220,000000,9.4410000,9.7640000,9.3490000,9.6800000,16701795
120220,000000,9.7180000,10.0040000,9.7180000,9.9900000,17631047
130220,000000,9.9310000,10.2480000,9.8320000,10.2380000,20444269
140220,000000,10.2080000,10.3700000,10.1780000,10.1840000,13764848
170220,000000,10.1820000,10.2560000,10.0940000,10.2400000,10524728
180220,000000,10.1300000,10.2420000,9.9140000,9.9300000,17117543
190220,000000,9.9490000,10.0740000,9.6410000,9.9190000,17913331
200220,000000,9.9320000,10.0260000,9.8280000,9.8920000,11025975
210220,000000,9.7600000,9.8680000,9.4000000,9.4780000,19442255
240220,000000,8.9990000,9.1270000,8.8550000,8.9340000,28117066
260220,000000,8.6000000,8.9680000,8.4640000,8.8450000,23955122
270220,000000,8.6020000,8.7700000,8.0760000,8.2810000,28948427
280220,000000,7.8880000,8.1210000,7.7080000,7.8530000,36677195
020320,000000,8.0000000,8.0250000,7.3860000,7.5810000,35522907
030320,000000,7.7460000,7.8540000,7.2840000,7.2990000,27394322
040320,000000,7.4370000,7.4540000,7.1620000,7.2550000,20959577
050320,000000,7.3000000,7.3400000,6.9420000,7.0620000,28422630
060320,000000,6.8170000,6.8910000,6.6530000,6.7960000,28803860
090320,000000,5.9600000,6.2220000,5.6100000,5.9450000,49755071
100320,000000,6.0460000,6.4710000,5.8050000,5.8900000,49087302
110320,000000,5.9900000,6.1990000,5.8100000,5.9450000,36272674
120320,000000,5.5320000,5.7890000,4.8925000,4.9445000,66668787
130320,000000,5.2200000,5.7960000,4.8500000,5.1040000,55354561
160320,000000,4.8685000,5.1000000,4.4485000,4.9100000,42067982
170320,000000,5.1470000,5.2610000,4.7000000,5.1200000,35264269
180320,000000,4.9500000,5.4800000,4.9120000,5.1850000,24451606
190320,000000,5.1420000,5.5700000,5.1420000,5.5350000,21530921
200320,000000,5.8300000,5.9490000,5.4140000,5.4790000,26870925
230320,000000,5.3000000,5.7990000,5.2960000,5.4980000,23739493
240320,000000,5.8510000,6.1000000,5.7600000,6.1000000,22094924
250320,000000,6.4490000,6.8370000,6.0100000,6.3070000,24892909
260320,000000,6.1650000,6.4200000,6.1180000,6.3770000,18966338
270320,000000,6.1000000,6.1920000,5.8250000,5.9260000,22003889
300320,000000,5.8820000,5.9600000,5.6330000,5.7890000,16470263
310320,000000,5.9500000,5.9820000,5.6500000,5.9630000,15411969
010420,000000,5.6710000,5.7410000,5.5340000,5.5760000,18362569
020420,000000,5.6280000,5.9250000,5.4860000,5.5870000,23764109
030420,000000,5.5190000,5.6100000,5.3940000,5.4140000,19477359
060420,000000,5.6800000,5.9180000,5.5920000,5.8500000,15963282
070420,000000,6.1530000,6.3430000,6.0540000,6.0940000,17979209
080420,000000,6.0760000,6.1200000,5.9250000,6.0110000,11424520
090420,000000,6.1600000,6.2680000,5.9720000,6.1190000,22438017
140420,000000,6.2000000,6.3770000,6.0940000,6.2090000,15097667
150420,000000,6.2120000,6.2120000,5.6320000,5.6520000,17967293
160420,000000,5.7280000,5.9360000,5.6090000,5.7230000,18113889
170420,000000,6.0000000,6.0690000,5.8700000,5.9710000,18528854
200420,000000,5.9900000,6.0000000,5.7170000,5.8900000,15544972
210420,000000,5.7700000,5.8100000,5.5810000,5.5940000,14083257
220420,000000,5.6300000,5.6900000,5.5540000,5.6490000,10800072
230420,000000,5.6980000,5.9150000,5.5730000,5.8460000,16735767
240420,000000,5.6300000,5.6690000,5.4610000,5.4730000,16766432
270420,000000,5.7670000,6.1420000,5.7550000,6.1420000,35305690
280420,000000,6.2100000,6.4030000,6.1370000,6.3910000,26141082
290420,000000,6.3000000,7.1550000,6.3000000,7.1550000,34172832
300420,000000,7.0830000,7.3500000,6.5980000,6.7780000,29598299
040520,000000,6.5010000,6.5810000,6.3490000,6.4550000,18371597
050520,000000,6.6120000,6.7430000,6.4290000,6.5470000,14878051
060520,000000,6.5860000,6.5900000,6.3000000,6.3400000,12067952
070520,000000,6.3740000,6.5600000,6.2910000,6.5550000,12569751
080520,000000,6.6250000,6.6590000,6.4270000,6.5370000,9592101
110520,000000,6.5950000,6.6440000,6.2860000,6.3650000,14000147
120520,000000,6.3710000,6.5490000,6.3370000,6.5060000,11871994
130520,000000,6.3300000,6.3660000,6.0930000,6.0930000,17002824
140520,000000,6.0000000,6.1500000,5.7950000,6.0710000,16477285
150520,000000,6.1890000,6.2700000,5.8470000,5.9410000,16742470
180520,000000,6.0560000,6.5560000,6.0510000,6.5560000,17961404
190520,000000,6.7140000,6.7980000,6.4380000,6.5850000,20594088
200520,000000,6.5210000,6.8540000,6.3850000,6.8540000,14427835
210520,000000,6.7400000,6.8340000,6.6240000,6.7150000,9618624
220520,000000,6.5510000,6.8680000,6.4750000,6.6910000,14624850
250520,000000,6.8410000,6.9000000,6.6450000,6.9000000,9515240
260520,000000,7.0000000,7.5040000,6.9610000,7.5040000,25903595
270520,000000,7.6210000,7.9300000,7.5700000,7.7870000,24916208
280520,000000,7.9010000,8.0800000,7.7700000,7.8300000,16930134
290520,000000,7.5800000,7.7350000,7.5100000,7.5310000,19575014
020620,000000,7.7010000,8.1600000,7.7010000,7.9460000,25345098
030620,000000,8.1530000,8.2110000,7.9650000,8.1530000,19760619
040620,000000,8.0790000,8.4720000,8.0230000,8.3180000,20347044
050620,000000,8.4920000,8.7570000,8.4240000,8.7090000,22283457
080620,000000,8.6420000,9.2010000,8.6360000,9.0400000,24419541
090620,000000,8.9470000,9.0470000,8.4200000,8.6240000,22167268
100620,000000,8.8500000,9.0750000,8.6010000,8.7450000,19559896
110620,000000,8.3490000,8.5740000,8.1340000,8.1340000,18322029
120620,000000,7.9350000,8.4910000,7.9350000,8.2780000,16149300
150620,000000,7.8850000,8.3500000,7.8200000,8.2500000,15682551
160620,000000,8.6000000,8.6830000,8.2910000,8.4800000,16360068
170620,000000,8.5160000,8.6800000,8.3750000,8.4360000,14682471
180620,000000,8.3660000,8.5910000,8.0460000,8.2630000,19941784
190620,000000,8.3950000,8.4740000,8.2840000,8.3420000,26833172
220620,000000,8.1070000,8.3670000,8.0600000,8.3050000,10875564
230620,000000,8.3300000,8.7200000,8.3250000,8.4510000,1247269
240620,000000,8.4820000,8.6270000,8.0510000,8.1080000,825758
250620,000000,8.1670000,8.5400000,8.0400000,8.5260000,649378
260620,000000,8.5340000,8.5380000,8.0210000,8.0220000,673558
290620,000000,8.0200000,8.4900000,8.0100000,8.4150000,726773
300620,000000,8.4150000,8.5100000,8.2440000,8.4760000,600301
010720,000000,8.4390000,8.5090000,8.2950000,8.2950000,664946
020720,000000,8.2730000,8.7080000,8.2730000,8.4860000,1019348
030720,000000,8.5540000,8.6660000,8.4200000,8.4350000,621909
060720,000000,8.5590000,8.9150000,8.5590000,8.7890000,1152457
070720,000000,8.8490000,8.8530000,8.6430000,8.7390000,755498
080720,000000,8.7300000,8.8040000,8.6770000,8.8030000,423285
090720,000000,8.7990000,8.8210000,8.5610000,8.6240000,598062
100720,000000,8.5210000,8.9480000,8.4110000,8.9340000,852777
130720,000000,8.9490000,9.0910000,8.5580000,8.5850000,1068257
140720,000000,8.7490000,8.8800000,8.6300000,8.7840000,657184
150720,000000,8.8190000,9.0200000,8.7410000,8.9150000,1040333
160720,000000,8.8290000,9.0140000,8.7660000,8.8340000,700720
170720,000000,8.7640000,8.8490000,8.6170000,8.7290000,653694
200720,000000,8.7180000,8.8865000,8.5900000,8.8865000,705670
210720,000000,8.9310000,9.1700000,8.4100000,8.4350000,2650488
220720,000000,8.4910000,8.7290000,8.4510000,8.5030000,785629
230720,000000,8.5110000,8.6400000,8.2200000,8.2940000,978664
240720,000000,8.2010000,8.3930000,8.1000000,8.2470000,553455
270720,000000,8.2100000,8.2700000,8.0620000,8.1050000,669926
280720,000000,8.1100000,8.1920000,7.9630000,8.0550000,596218
290720,000000,8.2600000,8.3490000,7.6090000,7.8210000,1773107
300720,000000,7.8100000,7.8690000,7.2970000,7.6130000,1410768
310720,000000,7.5920000,7.7800000,7.5370000,7.5940000,430899
030820,000000,7.6160000,7.8690000,7.5900000,7.8370000,549319
040820,000000,7.8710000,8.0310000,7.7420000,7.8420000,493728
050820,000000,7.8230000,8.0100000,7.8230000,7.8880000,400183
060820,000000,7.8780000,7.9670000,7.6810000,7.7660000,430117
070820,000000,7.7500000,7.8110000,7.5700000,7.8110000,400226
100820,000000,7.8010000,8.0150000,7.7530000,8.0150000,623870
110820,000000,8.1190000,8.2710000,8.0600000,8.1210000,862803
120820,000000,8.1320000,8.3900000,8.1320000,8.2350000,574564
130820,000000,8.2480000,8.3000000,8.0590000,8.0940000,560438
140820,000000,8.1170000,8.1170000,7.8390000,8.0730000,627538
170820,000000,8.0210000,8.0910000,7.9430000,7.9960000,317674
180820,000000,7.9510000,8.0470000,7.8410000,7.8680000,426235
190820,000000,7.9160000,8.1220000,7.8300000,8.0630000,463297
200820,000000,8.0200000,8.0480000,7.8610000,7.8900000,377214
210820,000000,7.8960000,7.9700000,7.6850000,7.7830000,532088
240820,000000,7.8120000,8.1370000,7.8040000,8.1370000,683158
250820,000000,8.1200000,8.3500000,8.1200000,8.1610000,858766
260820,000000,8.1820000,8.3600000,8.0900000,8.2810000,649500
270820,000000,8.3180000,8.3240000,8.1800000,8.2450000,503166
280820,000000,8.2800000,8.4700000,8.2150000,8.3140000,1025751
310820,000000,8.2810000,8.4100000,7.9710000,7.9750000,597524
010920,000000,8.1270000,8.1300000,7.8690000,7.9870000,591490
020920,000000,8.0370000,8.0620000,7.8510000,7.9650000,698371
030920,000000,7.9990000,8.2170000,7.8110000,7.8450000,1026984
040920,000000,7.8690000,8.2810000,7.8690000,8.2240000,1211888
070920,000000,8.1600000,8.2800000,8.0100000,8.1350000,430247
080920,000000,8.1000000,8.1490000,7.8710000,7.9720000,720069
090920,000000,7.9000000,8.0390000,7.7540000,7.9790000,576154
100920,000000,8.0460000,8.1240000,7.8680000,7.9210000,643441
110920,000000,8.0380000,8.0380000,7.7810000,7.8280000,588047
140920,000000,7.8510000,7.9190000,7.7540000,7.8730000,410177
150920,000000,7.8710000,7.9120000,7.6900000,7.6970000,695754
160920,000000,7.7270000,7.8920000,7.6490000,7.8580000,479365
170920,000000,7.8000000,7.8290000,7.6900000,7.7940000,370913
180920,000000,7.8130000,7.8190000,7.6400000,7.6880000,470703
210920,000000,7.6000000,7.6000000,6.9910000,7.0970000,2336195
220920,000000,7.0490000,7.1300000,6.9100000,6.9640000,995923
230920,000000,6.9840000,7.1500000,6.8600000,6.8880000,656018
240920,000000,6.8930000,7.0500000,6.8300000,6.9400000,874289
250920,000000,6.9520000,7.0190000,6.7550000,6.8720000,483161
280920,000000,6.9400000,7.2890000,6.9310000,7.2510000,699513
290920,000000,7.2900000,7.2900000,7.0210000,7.0530000,344124
300920,000000,7.0330000,7.3040000,6.9040000,7.1640000,500414
011020,000000,7.1820000,7.3300000,7.0400000,7.1170000,534493
021020,000000,7.0000000,7.3000000,6.9810000,7.2780000,564441
051020,000000,7.2900000,7.4180000,7.2260000,7.3720000,395208
061020,000000,7.3880000,7.7990000,7.3450000,7.6570000,931962
071020,000000,7.7500000,7.8770000,7.6960000,7.8470000,499287
081020,000000,7.8590000,8.0700000,7.8280000,7.9710000,864076
091020,000000,7.9500000,8.0070000,7.8060000,7.8550000,597183
121020,000000,7.8200000,7.9590000,7.8040000,7.8880000,445869
131020,000000,7.8770000,7.9520000,7.7110000,7.7300000,517373
141020,000000,7.7470000,7.8920000,7.6470000,7.7010000,507676
151020,000000,7.6650000,7.7000000,7.4860000,7.6980000,851672
161020,000000,7.6910000,7.9100000,7.5400000,7.8630000,715475
191020,000000,7.8260000,8.0740000,7.7700000,7.8960000,765183
201020,000000,7.9250000,8.2640000,7.9240000,8.1240000,1286350
211020,000000,8.1510000,8.2810000,7.9080000,7.9400000,540136
221020,000000,7.9010000,8.0000000,7.7620000,7.9810000,473968
231020,000000,7.9710000,8.2400000,7.9210000,8.1280000,664629
261020,000000,7.9810000,8.3500000,7.9100000,8.1080000,1062450
271020,000000,8.1200000,8.2170000,7.8020000,7.8020000,651561
281020,000000,8.1980000,8.1980000,7.5220000,7.8310000,1588529
291020,000000,7.8450000,8.0500000,7.7610000,7.8840000,511753
301020,000000,7.7900000,7.9990000,7.6840000,7.9720000,601713
021120,000000,7.9450000,8.3190000,7.9100000,8.2780000,815399
031120,000000,8.3400000,8.5650000,8.3000000,8.5140000,1057442
041120,000000,8.4510000,8.6900000,8.2130000,8.4900000,919035
051120,000000,8.5510000,8.6390000,8.3180000,8.5080000,533587
061120,000000,8.4610000,8.6600000,8.4550000,8.5520000,389123
091120,000000,8.6500000,9.2300000,8.6120000,8.9570000,2331678
101120,000000,8.8500000,9.2560000,8.8100000,9.0640000,1245109
111120,000000,9.0570000,9.1450000,8.8810000,8.9020000,599170
121120,000000,8.8220000,9.0140000,8.7600000,8.8160000,525609
131120,000000,8.8330000,9.0630000,8.7920000,9.0520000,474634
161120,000000,9.1000000,9.2200000,9.0170000,9.1120000,856589
171120,000000,9.0930000,9.1940000,9.0560000,9.1150000,391377
181120,000000,9.0810000,9.2130000,9.0510000,9.0550000,538080
191120,000000,9.0710000,9.1010000,8.9010000,9.0320000,528034
201120,000000,9.0000000,9.0380000,8.9200000,9.0080000,283636
231120,000000,8.9970000,9.3500000,8.9800000,9.3260000,966592
241120,000000,9.3140000,9.6500000,9.3040000,9.6360000,1218004
251120,000000,9.6020000,9.7200000,9.4060000,9.5360000,668172
261120,000000,9.4960000,9.5360000,9.3610000,9.3770000,325665
271120,000000,9.3840000,9.5560000,9.3680000,9.4810000,448173
301120,000000,9.4480000,9.5550000,9.3000000,9.3230000,595628
011220,000000,9.3910000,9.5490000,9.3010000,9.4860000,456820
021220,000000,9.4830000,9.5890000,9.3670000,9.5720000,385795
031220,000000,9.5300000,9.7780000,9.4700000,9.6750000,894178
041220,000000,9.7070000,9.8200000,9.6570000,9.7250000,588825
071220,000000,9.6900000,9.6990000,9.5100000,9.5520000,512108
081220,000000,9.5670000,9.6050000,9.4070000,9.4620000,362489
091220,000000,9.4670000,9.6300000,9.2320000,9.2760000,804384
101220,000000,9.2980000,9.3830000,9.0610000,9.0860000,630815
111220,000000,9.1010000,9.1800000,8.7310000,8.7780000,930020
141220,000000,8.8000000,9.0010000,8.7210000,8.7490000,549121
151220,000000,8.7750000,8.9700000,8.7410000,8.9240000,315361
161220,000000,8.9210000,9.1490000,8.9210000,8.9680000,451696
171220,000000,8.9880000,9.1220000,8.9600000,9.0800000,393951
181220,000000,9.0990000,9.1100000,8.9860000,9.0400000,302402
211220,000000,8.9270000,8.9300000,8.4610000,8.7200000,1093252
221220,000000,8.6560000,8.8280000,8.6230000,8.7500000,416078
231220,000000,8.7630000,8.9810000,8.7130000,8.9650000,466712
281220,000000,8.9990000,9.2440000,8.9990000,9.1550000,818041
291220,000000,9.2410000,9.2490000,8.9130000,8.9330000,673922
301220,000000,8.9210000,9.0700000,8.9190000,8.9720000,259260
