<TICKER>,<PER>,<DATE>,<TIME>,<OPEN>,<HIGH>,<LOW>,<CLOSE>
LHA@DE,60,010321,130000,12.5800000,12.5800000,12.5400000,12.5800000
LHA@DE,60,010321,140000,12.6300000,12.6800000,12.5900000,12.6800000
LHA@DE,60,010321,150000,12.6700000,12.6700000,12.6700000,12.6700000
LHA@DE,60,010321,160000,12.6800000,12.7600000,12.6800000,12.7600000
LHA@DE,60,010321,170000,12.6900000,12.6900000,12.6600000,12.6600000
LHA@DE,60,010321,180000,12.6600000,12.6900000,12.6600000,12.6900000
LHA@DE,60,010321,190000,12.9000000,12.9000000,12.9000000,12.9000000
LHA@DE,60,010321,200000,12.6500000,12.6600000,12.6500000,12.6600000
LHA@DE,60,020321,110000,12.7600000,12.8000000,12.6300000,12.6300000
LHA@DE,60,020321,120000,12.6300000,12.7400000,12.5900000,12.7000000
LHA@DE,60,020321,130000,12.7000000,12.7100000,12.5500000,12.6000000
LHA@DE,60,020321,140000,12.6300000,12.6300000,12.5100000,12.5100000
LHA@DE,60,020321,150000,12.5200000,12.5900000,12.5000000,12.5800000
LHA@DE,60,020321,160000,12.6300000,12.6500000,12.6000000,12.6000000
LHA@DE,60,020321,170000,12.5900000,12.5900000,12.5700000,12.5700000
LHA@DE,60,020321,180000,12.5800000,12.6700000,12.5800000,12.6300000
LHA@DE,60,020321,190000,12.6900000,12.7000000,12.6700000,12.6700000
LHA@DE,60,020321,200000,12.6200000,12.6300000,12.5900000,12.6300000
LHA@DE,60,030321,110000,12.7000000,12.7000000,12.5900000,12.5900000
LHA@DE,60,030321,120000,12.7300000,12.7900000,12.7000000,12.7800000
LHA@DE,60,030321,130000,12.7700000,12.7700000,12.6900000,12.6900000
LHA@DE,60,030321,140000,12.6800000,12.8300000,12.6800000,12.7900000
LHA@DE,60,030321,150000,12.7800000,12.7800000,12.7000000,12.7000000
LHA@DE,60,030321,160000,12.6900000,12.7600000,12.6900000,12.7400000
LHA@DE,60,030321,170000,12.7700000,12.7700000,12.7000000,12.7000000
LHA@DE,60,030321,180000,12.7400000,12.7800000,12.7400000,12.7400000
LHA@DE,60,030321,190000,12.7400000,12.7400000,12.6500000,12.6500000
LHA@DE,60,030321,200000,12.7500000,12.7900000,12.7500000,12.7900000
LHA@DE,60,040321,110000,12.7900000,12.7900000,12.1300000,12.3800000
LHA@DE,60,040321,120000,12.5000000,12.7700000,12.4000000,12.7100000
LHA@DE,60,040321,130000,12.6700000,12.7100000,12.5500000,12.5900000
LHA@DE,60,040321,140000,12.5900000,12.6400000,12.5000000,12.5200000
LHA@DE,60,040321,150000,12.5000000,12.5000000,12.4500000,12.4500000
LHA@DE,60,040321,160000,12.4700000,12.5000000,12.4200000,12.4700000
LHA@DE,60,040321,170000,12.5200000,12.5800000,12.5000000,12.5200000
LHA@DE,60,040321,180000,12.5400000,12.5700000,12.4500000,12.5200000
LHA@DE,60,040321,190000,12.4900000,12.4900000,12.2700000,12.2900000
LHA@DE,60,040321,200000,12.3400000,12.4100000,12.3300000,12.4100000
LHA@DE,60,050321,110000,12.4000000,12.4000000,12.2300000,12.2800000
LHA@DE,60,050321,120000,12.3000000,12.3000000,11.9200000,11.9200000
LHA@DE,60,050321,130000,11.9300000,12.0500000,11.8900000,12.0400000
LHA@DE,60,050321,140000,12.0400000,12.1200000,12.0200000,12.0900000
LHA@DE,60,050321,150000,12.1200000,12.1500000,12.0300000,12.0800000
LHA@DE,60,050321,160000,12.0800000,12.0900000,12.0000000,12.0200000
LHA@DE,60,050321,170000,12.0300000,12.1300000,11.9700000,12.1200000
LHA@DE,60,050321,180000,12.1100000,12.2000000,12.0600000,12.0800000
LHA@DE,60,050321,190000,12.0800000,12.1000000,11.8500000,11.9300000
LHA@DE,60,050321,200000,11.9400000,11.9400000,11.7200000,11.7500000
LHA@DE,60,080321,110000,11.8000000,12.5100000,11.8000000,12.1500000
LHA@DE,60,080321,120000,12.2000000,12.2500000,11.9700000,12.2100000
LHA@DE,60,080321,130000,12.2100000,12.2100000,12.1000000,12.1500000
LHA@DE,60,080321,140000,12.1000000,12.2100000,12.0900000,12.1900000
LHA@DE,60,080321,150000,12.1900000,12.2000000,12.1100000,12.1300000
LHA@DE,60,080321,160000,12.1600000,12.2500000,12.0800000,12.2400000
LHA@DE,60,080321,170000,12.2600000,12.2700000,12.2000000,12.2500000
LHA@DE,60,080321,180000,12.2500000,12.4200000,12.2300000,12.3600000
LHA@DE,60,080321,190000,12.3900000,12.4500000,12.3500000,12.4000000
LHA@DE,60,080321,200000,12.4000000,12.4400000,12.3700000,12.4100000
LHA@DE,60,090321,110000,12.2000000,12.7100000,12.2000000,12.5300000
LHA@DE,60,090321,120000,12.5500000,12.7500000,12.4700000,12.7200000
LHA@DE,60,090321,130000,12.7000000,12.7200000,12.5300000,12.5300000
LHA@DE,60,090321,140000,12.5500000,12.6000000,12.4900000,12.5900000
LHA@DE,60,090321,150000,12.5900000,12.5900000,12.5100000,12.5500000
LHA@DE,60,090321,160000,12.5300000,12.5500000,12.3700000,12.3800000
LHA@DE,60,090321,170000,12.3800000,12.4500000,12.3600000,12.4500000
LHA@DE,60,090321,180000,12.4400000,12.4700000,12.2900000,12.3000000
LHA@DE,60,090321,190000,12.2900000,12.3900000,12.2400000,12.3800000
LHA@DE,60,090321,200000,12.3800000,12.4400000,12.3700000,12.3800000
LHA@DE,60,100321,110000,12.7000000,12.7000000,12.3000000,12.4900000
LHA@DE,60,100321,120000,12.3000000,12.3300000,12.1500000,12.2200000
LHA@DE,60,100321,130000,12.2200000,12.3100000,12.1600000,12.1700000
LHA@DE,60,100321,140000,12.1700000,12.2300000,12.0800000,12.2100000
LHA@DE,60,100321,150000,12.2300000,12.2600000,12.2100000,12.2500000
LHA@DE,60,100321,160000,12.2500000,12.2500000,12.1700000,12.1900000
LHA@DE,60,100321,170000,12.1700000,12.1900000,12.0700000,12.1200000
LHA@DE,60,100321,180000,12.1300000,12.2200000,12.0900000,12.1600000
LHA@DE,60,100321,190000,12.1400000,12.1600000,12.0500000,12.0700000
LHA@DE,60,100321,200000,12.0800000,12.1500000,12.0500000,12.0500000
LHA@DE,60,110321,110000,12.3000000,12.3800000,12.1500000,12.3800000
LHA@DE,60,110321,120000,12.2000000,12.2000000,11.9500000,11.9600000
LHA@DE,60,110321,130000,11.9700000,11.9800000,11.8500000,11.8700000
LHA@DE,60,110321,140000,11.8700000,11.9400000,11.8700000,11.8700000
LHA@DE,60,110321,150000,11.8700000,11.9500000,11.8600000,11.9200000
LHA@DE,60,110321,160000,11.9400000,11.9900000,11.9200000,11.9300000
LHA@DE,60,110321,170000,11.9600000,12.0100000,11.9300000,11.9900000
LHA@DE,60,110321,180000,12.0000000,12.0400000,11.9400000,12.0100000
LHA@DE,60,110321,190000,12.0000000,12.0600000,11.9800000,12.0100000
LHA@DE,60,110321,200000,12.0100000,12.1100000,12.0100000,12.1100000
LHA@DE,60,120321,110000,12.1200000,12.1500000,12.0800000,12.1100000
LHA@DE,60,120321,120000,12.1400000,12.1600000,11.8500000,11.8500000
LHA@DE,60,120321,130000,11.8500000,11.8700000,11.7900000,11.8000000
LHA@DE,60,120321,140000,11.8100000,11.8100000,11.7000000,11.7600000
LHA@DE,60,120321,150000,11.7600000,11.8200000,11.7500000,11.8000000
LHA@DE,60,120321,160000,11.7900000,11.8800000,11.7700000,11.8800000
LHA@DE,60,120321,170000,11.8900000,11.9000000,11.8400000,11.8400000
LHA@DE,60,120321,180000,11.9000000,11.9300000,11.7900000,11.8900000
LHA@DE,60,120321,190000,11.9100000,12.0000000,11.9000000,12.0000000
LHA@DE,60,120321,200000,12.0000000,12.0500000,11.8800000,11.9200000
LHA@DE,60,150321,110000,12.1000000,12.2000000,12.0700000,12.1800000
LHA@DE,60,150321,120000,12.1400000,12.2200000,12.0500000,12.1400000
LHA@DE,60,150321,130000,12.1400000,12.1900000,12.0600000,12.1600000
LHA@DE,60,150321,140000,12.1500000,12.1500000,12.0900000,12.1200000
LHA@DE,60,150321,150000,12.1100000,12.1500000,12.0800000,12.0900000
LHA@DE,60,150321,160000,12.0800000,12.1200000,12.0300000,12.0500000
LHA@DE,60,150321,170000,12.0600000,12.1800000,12.0500000,12.1600000
LHA@DE,60,150321,180000,12.1800000,12.2000000,12.1400000,12.1400000
LHA@DE,60,150321,190000,12.1200000,12.1800000,11.9300000,11.9300000
LHA@DE,60,150321,200000,11.9200000,12.2000000,11.9200000,12.0500000
LHA@DE,60,160321,110000,12.6800000,12.7000000,12.1200000,12.1300000
LHA@DE,60,160321,120000,12.1500000,12.2300000,12.0600000,12.1400000
LHA@DE,60,160321,130000,12.1300000,12.1600000,12.0200000,12.0500000
LHA@DE,60,160321,140000,12.0500000,12.1800000,11.9900000,12.1200000
LHA@DE,60,160321,150000,12.1300000,12.1400000,12.0600000,12.0700000
LHA@DE,60,160321,160000,12.0900000,12.1100000,12.0200000,12.0300000
LHA@DE,60,160321,170000,12.0200000,12.0900000,11.9700000,11.9800000
LHA@DE,60,160321,180000,11.9900000,12.0800000,11.9700000,12.0300000
LHA@DE,60,160321,190000,12.0700000,12.1700000,12.0500000,12.1500000
LHA@DE,60,160321,200000,12.1300000,12.1400000,12.0800000,12.1100000
LHA@DE,60,170321,110000,11.8800000,12.1500000,11.8800000,12.1300000
LHA@DE,60,170321,120000,12.1300000,12.1500000,11.9700000,12.0100000
LHA@DE,60,170321,130000,12.0200000,12.0600000,11.9900000,12.0200000
LHA@DE,60,170321,140000,12.0200000,12.0300000,11.9700000,12.0000000
LHA@DE,60,170321,150000,12.0000000,12.0100000,11.9000000,11.9400000
LHA@DE,60,170321,160000,11.9400000,11.9500000,11.9000000,11.9100000
LHA@DE,60,170321,170000,11.9100000,12.0200000,11.8900000,12.0200000
LHA@DE,60,170321,180000,12.0500000,12.0600000,11.9400000,11.9500000
LHA@DE,60,170321,190000,11.9400000,12.0600000,11.9400000,12.0500000
LHA@DE,60,170321,200000,12.0600000,12.0900000,11.9900000,12.0400000
LHA@DE,60,180321,110000,12.4000000,12.4000000,12.0300000,12.0600000
LHA@DE,60,180321,120000,12.0600000,12.1400000,12.0400000,12.1100000
LHA@DE,60,180321,130000,12.1000000,12.1500000,12.0500000,12.0700000
LHA@DE,60,180321,140000,12.0800000,12.0900000,11.9900000,12.0100000
LHA@DE,60,180321,150000,12.0100000,12.0300000,11.9600000,11.9700000
LHA@DE,60,180321,160000,11.9900000,12.0300000,11.9400000,11.9500000
LHA@DE,60,180321,170000,11.9500000,11.9700000,11.9000000,11.9000000
LHA@DE,60,180321,180000,11.9100000,12.0100000,11.9000000,11.9800000
LHA@DE,60,180321,190000,11.9800000,12.1100000,11.9600000,12.0900000
LHA@DE,60,180321,200000,12.0500000,12.1000000,11.9900000,11.9900000
LHA@DE,60,190321,110000,12.1100000,12.6500000,11.9300000,11.9500000
LHA@DE,60,190321,120000,11.9400000,11.9400000,11.7400000,11.7900000
LHA@DE,60,190321,130000,11.8100000,11.8100000,11.6800000,11.7000000
LHA@DE,60,190321,140000,11.7200000,11.7500000,11.6400000,11.6600000
LHA@DE,60,190321,150000,11.6500000,11.6500000,11.4600000,11.5300000
LHA@DE,60,190321,160000,11.5300000,11.6100000,11.4800000,11.5900000
LHA@DE,60,190321,170000,11.5900000,11.6200000,11.4800000,11.5000000
LHA@DE,60,190321,180000,11.5000000,11.5600000,11.4300000,11.5600000
LHA@DE,60,190321,190000,11.5500000,11.5600000,11.4200000,11.5400000
LHA@DE,60,190321,200000,11.5400000,11.6300000,11.5000000,11.5400000
LHA@DE,60,220321,110000,12.2000000,13.3000000,11.2500000,11.4000000
LHA@DE,60,220321,120000,11.4000000,11.4000000,11.0000000,11.2000000
LHA@DE,60,220321,130000,11.2000000,11.2300000,11.0500000,11.1700000
LHA@DE,60,220321,140000,11.1700000,11.2400000,11.0900000,11.0900000
LHA@DE,60,220321,150000,11.0900000,11.1700000,11.0600000,11.1100000
LHA@DE,60,220321,160000,11.1100000,11.1600000,11.1000000,11.1500000
LHA@DE,60,220321,170000,11.1500000,11.1700000,11.1100000,11.1500000
LHA@DE,60,220321,180000,11.1500000,11.2000000,11.1400000,11.1700000
LHA@DE,60,220321,190000,11.1700000,11.1900000,11.1200000,11.1500000
LHA@DE,60,220321,200000,11.1500000,11.1900000,11.1300000,11.1800000
LHA@DE,60,230321,110000,11.7000000,12.5000000,11.0300000,11.1300000
LHA@DE,60,230321,120000,11.1400000,11.4800000,10.7700000,10.8200000
LHA@DE,60,230321,130000,10.8200000,11.0000000,10.7100000,10.7400000
LHA@DE,60,230321,140000,10.7400000,10.8300000,10.6800000,10.7300000
LHA@DE,60,230321,150000,10.7300000,10.8800000,10.7300000,10.8500000
LHA@DE,60,230321,160000,10.8700000,10.8700000,10.8000000,10.8300000
LHA@DE,60,230321,170000,10.8300000,10.8700000,10.8100000,10.8600000
LHA@DE,60,230321,180000,10.8600000,10.8700000,10.7200000,10.7600000
LHA@DE,60,230321,190000,10.7500000,10.8300000,10.6800000,10.8000000
LHA@DE,60,230321,200000,10.8000000,10.8400000,10.7200000,10.7300000
LHA@DE,60,240321,110000,11.6900000,11.8000000,10.4900000,10.6900000
LHA@DE,60,240321,120000,10.6800000,10.6800000,10.5000000,10.6600000
LHA@DE,60,240321,130000,10.6600000,10.9000000,10.6500000,10.8900000
LHA@DE,60,240321,140000,10.9000000,11.1000000,10.8800000,11.0400000
LHA@DE,60,240321,150000,11.0300000,11.0300000,10.9000000,10.9100000
LHA@DE,60,240321,160000,10.9400000,11.0300000,10.9200000,11.0100000
LHA@DE,60,240321,170000,11.0100000,11.1000000,11.0000000,11.0100000
LHA@DE,60,240321,180000,11.0300000,11.0700000,10.9500000,11.0000000
LHA@DE,60,240321,190000,10.9800000,10.9800000,10.9300000,10.9500000
LHA@DE,60,240321,200000,10.9500000,11.0700000,10.9300000,11.0300000
LHA@DE,60,250321,110000,11.0500000,11.0500000,11.0000000,11.0300000
LHA@DE,60,250321,120000,11.0000000,11.0000000,10.7700000,10.7900000
LHA@DE,60,250321,130000,10.7800000,10.7800000,10.6300000,10.7000000
LHA@DE,60,250321,140000,10.7000000,10.8100000,10.6900000,10.7500000
LHA@DE,60,250321,150000,10.7500000,10.7800000,10.6100000,10.6700000
LHA@DE,60,250321,160000,10.6500000,10.7800000,10.6000000,10.6400000
LHA@DE,60,250321,170000,10.6200000,10.7100000,10.6200000,10.7000000
LHA@DE,60,250321,180000,10.7000000,10.7900000,10.6600000,10.6700000
LHA@DE,60,250321,190000,10.6700000,10.9300000,10.6400000,10.9300000
LHA@DE,60,250321,200000,10.9300000,10.9900000,10.8900000,10.9600000
LHA@DE,60,260321,110000,11.1900000,11.1900000,11.0000000,11.0200000
LHA@DE,60,260321,120000,11.1000000,11.2000000,10.9100000,11.0100000
LHA@DE,60,260321,130000,11.0200000,11.0400000,10.9700000,11.0200000
LHA@DE,60,260321,140000,11.0300000,11.0300000,10.9700000,10.9900000
LHA@DE,60,260321,150000,11.0100000,11.0300000,10.9500000,10.9900000
LHA@DE,60,260321,160000,11.0000000,11.0200000,10.9700000,11.0200000
LHA@DE,60,260321,170000,11.0100000,11.0400000,10.9700000,11.0400000
LHA@DE,60,260321,180000,11.0400000,11.1100000,10.9600000,10.9700000
LHA@DE,60,260321,190000,10.9800000,10.9800000,10.9000000,10.9400000
LHA@DE,60,260321,200000,10.9400000,11.0500000,10.9100000,10.9400000
