<TICKER>,<PER>,<DATE>,<TIME>,<OPEN>,<HIGH>,<LOW>,<CLOSE>
MTSS,D,040116,000000,210.4500000,210.9500000,207.3500000,208.4500000
MTSS,D,050116,000000,209.0500000,210.9500000,208.3000000,210.7500000
MTSS,D,060116,000000,210.6000000,212.4000000,208.6500000,210.0000000
MTSS,D,110116,000000,204.9500000,207.7000000,197.7500000,200.5500000
MTSS,D,120116,000000,200.0000000,207.2500000,198.1000000,205.0000000
MTSS,D,130116,000000,206.7000000,209.0000000,205.7500000,208.0000000
MTSS,D,140116,000000,207.0000000,211.5000000,206.0500000,210.8500000
MTSS,D,150116,000000,210.4000000,214.0000000,200.5000000,205.0000000
MTSS,D,180116,000000,203.5500000,207.3500000,202.7500000,205.4000000
MTSS,D,190116,000000,207.3000000,214.4500000,207.0500000,208.0000000
MTSS,D,200116,000000,206.0500000,208.0000000,203.4500000,204.8000000
MTSS,D,210116,000000,206.0500000,213.7000000,205.0500000,211.7000000
MTSS,D,220116,000000,213.8000000,220.0000000,212.0500000,216.5000000
MTSS,D,250116,000000,218.6500000,218.6500000,214.1000000,215.5000000
MTSS,D,260116,000000,214.6500000,218.2500000,213.5500000,218.1000000
MTSS,D,270116,000000,217.9500000,224.0000000,216.7500000,224.0000000
MTSS,D,280116,000000,223.0000000,227.6500000,222.5500000,227.2000000
MTSS,D,290116,000000,227.6500000,228.4000000,221.5000000,226.0000000
MTSS,D,010216,000000,227.0000000,228.4500000,223.9000000,227.0000000
MTSS,D,020216,000000,226.9000000,230.0000000,225.6000000,229.5000000
MTSS,D,030216,000000,228.7000000,231.4000000,226.5000000,230.6000000
MTSS,D,040216,000000,232.2000000,236.3000000,230.7500000,232.0000000
MTSS,D,050216,000000,231.7500000,234.5000000,227.3500000,231.8500000
MTSS,D,080216,000000,231.4500000,231.9500000,226.3500000,227.0000000
MTSS,D,090216,000000,226.7500000,230.0000000,226.1000000,229.0000000
MTSS,D,100216,000000,228.0500000,229.8500000,225.5000000,227.6000000
MTSS,D,110216,000000,228.5000000,228.9000000,221.6000000,226.3000000
MTSS,D,120216,000000,227.1500000,229.8000000,225.4500000,229.7500000
MTSS,D,150216,000000,230.3500000,231.1000000,228.3000000,228.5000000
MTSS,D,160216,000000,230.3000000,233.0000000,227.4000000,233.0000000
MTSS,D,170216,000000,233.0500000,237.0000000,232.6000000,234.2000000
MTSS,D,180216,000000,235.3500000,239.7000000,234.2000000,238.0000000
MTSS,D,190216,000000,236.9500000,239.1500000,235.2000000,236.8000000
MTSS,D,200216,000000,238.0000000,238.0000000,234.5500000,235.4500000
MTSS,D,220216,000000,236.0500000,238.5500000,235.0000000,238.0000000
MTSS,D,240216,000000,236.3000000,236.9000000,226.5500000,228.0000000
MTSS,D,250216,000000,229.5000000,231.0000000,226.6000000,228.1000000
MTSS,D,260216,000000,228.7000000,232.9500000,228.7000000,230.2500000
MTSS,D,290216,000000,229.9500000,235.6000000,227.4000000,233.0000000
MTSS,D,010316,000000,233.6000000,235.4000000,230.1500000,230.9500000
MTSS,D,020316,000000,231.0000000,232.1500000,230.3500000,231.0000000
MTSS,D,030316,000000,232.0000000,235.0000000,231.7500000,234.5000000
MTSS,D,040316,000000,234.5000000,234.9000000,232.0000000,234.6500000
MTSS,D,070316,000000,235.0000000,240.0000000,234.3000000,239.6500000
MTSS,D,090316,000000,237.9500000,239.4500000,235.5000000,236.5000000
MTSS,D,100316,000000,236.9000000,237.6000000,232.4000000,232.8000000
MTSS,D,110316,000000,232.7500000,236.9000000,231.1000000,231.8500000
MTSS,D,140316,000000,234.0500000,235.0500000,231.3000000,232.9000000
MTSS,D,150316,000000,233.5500000,235.3000000,232.0000000,232.1500000
MTSS,D,160316,000000,232.5000000,236.9500000,232.4000000,236.9500000
MTSS,D,170316,000000,237.2000000,239.7500000,233.4000000,236.0000000
MTSS,D,180316,000000,236.1500000,238.0000000,234.5000000,234.5000000
MTSS,D,210316,000000,234.3500000,237.4500000,231.5500000,237.2000000
MTSS,D,220316,000000,237.4500000,240.0000000,237.4500000,239.9000000
MTSS,D,230316,000000,238.6000000,239.5500000,234.5500000,235.5000000
MTSS,D,240316,000000,234.9000000,236.9000000,233.4000000,236.0000000
MTSS,D,250316,000000,236.9500000,238.1500000,235.6500000,236.5000000
MTSS,D,280316,000000,236.5500000,238.8500000,234.3500000,236.9500000
MTSS,D,290316,000000,237.8000000,237.9500000,235.4000000,235.4000000
MTSS,D,300316,000000,237.8500000,238.2000000,235.6000000,236.3500000
MTSS,D,310316,000000,235.9500000,240.1000000,235.6000000,240.1000000
MTSS,D,010416,000000,238.7000000,239.3500000,235.3500000,237.6000000
MTSS,D,040416,000000,237.6500000,239.7500000,236.0500000,236.4500000
MTSS,D,050416,000000,236.1000000,236.9000000,233.0500000,233.3000000
MTSS,D,060416,000000,234.5000000,234.8000000,231.8000000,231.9000000
MTSS,D,070416,000000,232.9500000,234.9000000,232.3000000,234.4000000
MTSS,D,080416,000000,234.8000000,239.9000000,233.1500000,238.1000000
MTSS,D,110416,000000,239.3000000,251.8500000,238.5500000,251.5000000
MTSS,D,120416,000000,252.0000000,253.7500000,245.5000000,250.0000000
MTSS,D,130416,000000,251.5000000,255.0000000,251.0000000,251.7000000
MTSS,D,140416,000000,251.9000000,253.0000000,248.0000000,251.7500000
MTSS,D,150416,000000,251.4500000,252.8500000,249.4000000,252.0000000
MTSS,D,180416,000000,249.9500000,250.4000000,246.5000000,249.5000000
MTSS,D,190416,000000,250.8000000,259.4500000,249.5000000,259.4500000
MTSS,D,200416,000000,259.1500000,260.4000000,254.4500000,257.2000000
MTSS,D,210416,000000,259.3500000,259.4000000,254.0000000,257.4000000
MTSS,D,220416,000000,257.4000000,259.6500000,256.8000000,258.5000000
MTSS,D,250416,000000,259.3000000,259.3000000,256.3000000,257.1000000
MTSS,D,260416,000000,256.7000000,258.9000000,255.3500000,256.0000000
MTSS,D,270416,000000,256.1000000,258.8000000,254.7500000,256.7000000
MTSS,D,280416,000000,256.7000000,257.8500000,254.5500000,256.6500000
MTSS,D,290416,000000,257.3000000,259.8000000,251.5000000,253.0000000
MTSS,D,040516,000000,251.9500000,257.5000000,250.2500000,257.2000000
MTSS,D,050516,000000,257.1500000,258.1500000,254.0500000,256.7500000
MTSS,D,060516,000000,256.2500000,263.2000000,255.6000000,262.0500000
MTSS,D,100516,000000,260.0000000,261.1500000,248.0000000,253.0000000
MTSS,D,110516,000000,253.7500000,256.5000000,251.1500000,253.0000000
MTSS,D,120516,000000,254.0000000,256.2000000,250.7500000,255.2000000
MTSS,D,130516,000000,255.5000000,256.8000000,251.2500000,256.1000000
MTSS,D,160516,000000,256.0000000,261.6000000,255.1000000,259.2000000
MTSS,D,170516,000000,259.2000000,261.0000000,254.4500000,259.4500000
MTSS,D,180516,000000,259.5000000,262.9000000,258.8000000,262.9000000
MTSS,D,190516,000000,260.5500000,261.0000000,251.8500000,252.6000000
MTSS,D,200516,000000,254.0500000,258.4000000,252.6000000,258.0000000
MTSS,D,230516,000000,257.2500000,258.8000000,252.8500000,253.1000000
MTSS,D,240516,000000,253.2500000,254.9000000,252.5000000,254.8000000
MTSS,D,250516,000000,255.1000000,259.7500000,255.1000000,256.0000000
MTSS,D,260516,000000,257.9000000,258.1500000,254.7000000,254.7000000
MTSS,D,270516,000000,256.0500000,256.9000000,254.0500000,255.8000000
MTSS,D,300516,000000,255.2000000,256.4000000,254.1000000,255.5500000
MTSS,D,310516,000000,255.6500000,257.8000000,255.1000000,257.1500000
MTSS,D,010616,000000,256.4500000,258.0000000,248.8000000,251.9000000
MTSS,D,020616,000000,252.1000000,255.1500000,247.5000000,254.5500000
MTSS,D,030616,000000,255.2000000,256.2500000,251.5000000,253.0000000
MTSS,D,060616,000000,253.9000000,272.8000000,253.8500000,267.0000000
MTSS,D,070616,000000,268.7000000,268.7000000,263.1000000,264.9500000
MTSS,D,080616,000000,265.2500000,267.4000000,263.0000000,263.4000000
MTSS,D,090616,000000,264.0500000,265.6000000,260.0000000,264.1500000
MTSS,D,100616,000000,264.0000000,264.4500000,259.7500000,260.7000000
MTSS,D,140616,000000,261.8000000,263.4000000,256.0000000,263.4000000
MTSS,D,150616,000000,263.0000000,268.4500000,261.2500000,268.3000000
MTSS,D,160616,000000,266.9500000,268.8000000,255.0000000,256.0000000
MTSS,D,170616,000000,257.5000000,259.8500000,253.3000000,253.3000000
MTSS,D,200616,000000,255.6500000,264.3000000,255.6500000,262.2000000
MTSS,D,210616,000000,260.8000000,261.0000000,253.0000000,255.1000000
MTSS,D,220616,000000,256.4000000,258.2000000,253.0000000,253.0000000
MTSS,D,230616,000000,253.8000000,255.6500000,248.2500000,249.9000000
MTSS,D,240616,000000,244.9500000,250.7000000,238.0500000,238.1500000
MTSS,D,270616,000000,239.4000000,239.4000000,232.1500000,234.5000000
MTSS,D,280616,000000,234.6500000,242.0000000,234.5000000,240.8000000
MTSS,D,290616,000000,242.1500000,243.5000000,237.5500000,243.5000000
MTSS,D,300616,000000,243.1500000,245.4500000,242.8000000,243.0500000
MTSS,D,010716,000000,244.0000000,248.0000000,240.5500000,245.0500000
MTSS,D,040716,000000,234.3500000,237.4000000,233.0000000,235.4500000
MTSS,D,050716,000000,235.1500000,237.1000000,233.0000000,235.1500000
MTSS,D,060716,000000,235.6500000,235.6500000,233.0000000,235.2000000
MTSS,D,070716,000000,235.2000000,237.6000000,227.4500000,231.5000000
MTSS,D,080716,000000,231.0500000,232.2500000,225.0000000,232.0000000
MTSS,D,110716,000000,232.1000000,239.3000000,229.3000000,238.2000000
MTSS,D,120716,000000,238.3500000,240.9500000,237.0000000,238.0500000
MTSS,D,130716,000000,238.6000000,238.6000000,235.2000000,235.8500000
MTSS,D,140716,000000,236.6500000,236.6500000,231.3000000,232.5000000
MTSS,D,150716,000000,234.3000000,236.2500000,232.8000000,235.2000000
MTSS,D,180716,000000,236.2000000,237.4000000,231.5500000,236.9000000
MTSS,D,190716,000000,237.2500000,238.9500000,234.7000000,235.3500000
MTSS,D,200716,000000,237.3500000,239.8000000,235.3500000,239.5000000
MTSS,D,210716,000000,239.1500000,244.3000000,237.7000000,244.3000000
MTSS,D,220716,000000,243.4000000,247.0000000,241.9500000,243.9000000
MTSS,D,250716,000000,244.3500000,247.4000000,242.6000000,245.2000000
MTSS,D,260716,000000,245.2000000,249.0500000,244.5000000,248.8000000
MTSS,D,270716,000000,248.9500000,250.8500000,246.5500000,249.3500000
MTSS,D,280716,000000,249.7500000,251.8000000,248.0000000,251.8000000
MTSS,D,290716,000000,252.0000000,253.9000000,250.4000000,252.0000000
MTSS,D,010816,000000,253.1000000,254.8500000,247.3500000,250.9500000
MTSS,D,020816,000000,250.0000000,250.9000000,245.0000000,248.0000000
MTSS,D,030816,000000,246.1500000,247.5000000,245.2000000,246.0000000
MTSS,D,040816,000000,246.8000000,250.4500000,246.2500000,248.6000000
MTSS,D,050816,000000,249.1000000,250.4500000,245.1000000,247.2000000
MTSS,D,080816,000000,247.5000000,251.0000000,247.5000000,250.9000000
MTSS,D,090816,000000,250.8500000,252.5000000,249.5500000,252.4000000
MTSS,D,100816,000000,252.5500000,253.9500000,249.2000000,250.0000000
MTSS,D,110816,000000,249.5500000,250.7000000,247.0500000,250.5000000
MTSS,D,120816,000000,251.1000000,252.7500000,248.7000000,251.8000000
MTSS,D,150816,000000,251.7500000,252.0500000,248.8000000,249.8500000
MTSS,D,160816,000000,250.5000000,251.9000000,248.3000000,251.9000000
MTSS,D,170816,000000,250.6500000,251.3500000,247.4000000,247.5500000
MTSS,D,180816,000000,248.3000000,248.4000000,236.3000000,240.0000000
MTSS,D,190816,000000,240.6500000,241.1500000,234.0000000,236.6500000
MTSS,D,220816,000000,236.0000000,238.6500000,234.6000000,237.1000000
MTSS,D,230816,000000,237.3500000,239.5000000,236.1000000,237.3500000
MTSS,D,240816,000000,237.5000000,238.0500000,234.0500000,235.2500000
MTSS,D,250816,000000,235.2000000,238.2000000,235.2000000,237.5000000
MTSS,D,260816,000000,237.5000000,239.3500000,236.5000000,237.2000000
MTSS,D,290816,000000,237.0500000,237.8500000,235.1000000,236.0500000
MTSS,D,300816,000000,237.3000000,241.5500000,236.2500000,240.7500000
MTSS,D,310816,000000,240.3500000,244.8000000,237.6500000,239.1000000
MTSS,D,010916,000000,239.7000000,240.7500000,235.8000000,237.0000000
MTSS,D,020916,000000,237.6500000,240.0000000,236.0500000,239.5000000
MTSS,D,050916,000000,239.9500000,240.6500000,237.1500000,238.8500000
MTSS,D,060916,000000,238.1000000,239.9500000,238.0500000,239.9000000
MTSS,D,070916,000000,240.4500000,249.1500000,240.4500000,244.6000000
MTSS,D,080916,000000,245.2500000,247.9500000,244.1000000,246.3500000
MTSS,D,090916,000000,246.6500000,247.5000000,242.3500000,243.8500000
MTSS,D,120916,000000,242.7500000,243.4500000,239.1000000,240.7000000
MTSS,D,130916,000000,241.0000000,241.6000000,236.6000000,237.4000000
MTSS,D,140916,000000,237.3000000,237.6500000,235.5000000,235.5500000
MTSS,D,150916,000000,236.8000000,236.8000000,229.6500000,230.2000000
MTSS,D,160916,000000,230.5000000,234.9000000,229.0000000,232.0000000
MTSS,D,190916,000000,232.1000000,233.9000000,229.7500000,231.0000000
MTSS,D,200916,000000,231.3000000,231.5000000,229.1500000,230.5000000
MTSS,D,210916,000000,230.7500000,235.5500000,230.6500000,233.0000000
MTSS,D,220916,000000,234.1500000,236.4500000,233.1500000,234.8000000
MTSS,D,230916,000000,234.9500000,235.4500000,230.1500000,231.8500000
MTSS,D,260916,000000,231.0000000,233.2000000,230.5000000,230.7000000
MTSS,D,270916,000000,231.0500000,234.0000000,229.3000000,229.9000000
MTSS,D,280916,000000,229.4500000,232.8500000,229.3000000,229.8000000
MTSS,D,290916,000000,231.6000000,231.6500000,229.5000000,230.0500000
MTSS,D,300916,000000,230.0500000,230.4500000,227.3500000,227.5000000
MTSS,D,031016,000000,228.5500000,229.9000000,226.5500000,229.4000000
MTSS,D,041016,000000,229.5000000,231.8000000,228.9500000,229.0500000
MTSS,D,051016,000000,229.1000000,229.3500000,227.0500000,228.4000000
MTSS,D,061016,000000,228.5500000,232.0000000,227.5000000,230.8000000
MTSS,D,071016,000000,230.5500000,232.7000000,229.8000000,230.3000000
MTSS,D,101016,000000,230.6000000,232.9500000,230.4000000,232.5500000
MTSS,D,111016,000000,232.7500000,233.8500000,231.6000000,231.9500000
MTSS,D,121016,000000,231.9500000,233.1500000,231.0500000,232.4000000
MTSS,D,131016,000000,222.2000000,224.3000000,221.6500000,221.7500000
MTSS,D,141016,000000,221.8500000,223.4500000,219.0000000,219.4500000
MTSS,D,171016,000000,219.5000000,220.3000000,217.1000000,219.4500000
MTSS,D,181016,000000,219.7000000,220.5000000,219.0500000,220.1500000
MTSS,D,191016,000000,220.2000000,220.4500000,217.5000000,218.8000000
MTSS,D,201016,000000,218.8500000,219.4000000,217.5500000,218.8000000
MTSS,D,211016,000000,218.8000000,219.2000000,216.7500000,217.6000000
MTSS,D,241016,000000,218.9000000,219.8500000,217.1000000,217.3000000
MTSS,D,251016,000000,217.7500000,218.8500000,217.2500000,217.4500000
MTSS,D,261016,000000,217.6500000,218.4500000,217.2000000,217.2000000
MTSS,D,271016,000000,217.0000000,217.4500000,213.0000000,213.4000000
MTSS,D,281016,000000,212.9500000,214.4500000,211.5500000,213.3000000
MTSS,D,311016,000000,213.8500000,223.7500000,212.1500000,223.5000000
MTSS,D,011116,000000,223.9500000,225.0000000,222.3500000,223.7000000
MTSS,D,021116,000000,222.9500000,224.5000000,220.2000000,220.6000000
MTSS,D,031116,000000,220.9500000,222.0000000,218.6000000,220.5000000
MTSS,D,071116,000000,219.9000000,221.6500000,217.7500000,220.8000000
MTSS,D,081116,000000,219.7000000,222.0000000,218.2500000,219.2000000
MTSS,D,091116,000000,216.0000000,222.0000000,215.2000000,220.7000000
MTSS,D,101116,000000,222.1000000,228.6500000,221.1500000,224.3000000
MTSS,D,111116,000000,223.8000000,224.5500000,220.5000000,221.9000000
MTSS,D,141116,000000,221.9500000,223.5000000,220.5000000,221.5500000
MTSS,D,151116,000000,221.4500000,221.6500000,218.6000000,220.2500000
MTSS,D,161116,000000,220.9000000,222.4500000,218.7000000,221.6000000
MTSS,D,171116,000000,221.9000000,223.1000000,219.9000000,220.8000000
MTSS,D,181116,000000,221.1000000,221.9000000,219.0000000,220.5000000
MTSS,D,211116,000000,220.9500000,224.4500000,220.3000000,224.4500000
MTSS,D,221116,000000,224.5500000,227.7500000,222.6000000,223.5000000
MTSS,D,231116,000000,223.8500000,226.8500000,223.4500000,225.7000000
MTSS,D,241116,000000,225.9500000,228.9000000,225.9500000,228.2000000
MTSS,D,251116,000000,227.9500000,230.4000000,226.0000000,227.5000000
MTSS,D,281116,000000,227.7500000,229.4000000,226.7000000,229.3000000
MTSS,D,291116,000000,229.1000000,231.9000000,228.1500000,229.5500000
MTSS,D,301116,000000,230.0500000,231.5000000,228.3000000,230.2500000
MTSS,D,011216,000000,232.4000000,239.0000000,230.7000000,239.0000000
MTSS,D,021216,000000,238.2500000,244.9000000,237.6000000,244.7000000
MTSS,D,051216,000000,244.1500000,249.7500000,244.1500000,249.2500000
MTSS,D,061216,000000,248.9500000,252.7000000,248.1000000,248.4500000
MTSS,D,071216,000000,248.1500000,250.4000000,244.2000000,250.1000000
MTSS,D,081216,000000,250.8500000,254.3500000,249.7500000,254.0000000
MTSS,D,091216,000000,254.5000000,259.6500000,254.5000000,256.9500000
MTSS,D,121216,000000,257.6500000,262.0000000,255.8000000,261.9000000
MTSS,D,131216,000000,261.9500000,263.1000000,258.4000000,259.9500000
MTSS,D,141216,000000,260.0500000,261.5000000,255.0000000,259.0000000
MTSS,D,151216,000000,257.1500000,266.2000000,254.4500000,264.0000000
MTSS,D,161216,000000,264.0000000,268.8000000,262.5500000,266.6000000
MTSS,D,191216,000000,266.8000000,267.0000000,259.1500000,259.1500000
MTSS,D,201216,000000,259.0000000,261.3000000,256.9500000,259.7000000
MTSS,D,211216,000000,258.7000000,261.0000000,255.0000000,256.0000000
MTSS,D,221216,000000,254.6000000,254.6000000,249.1000000,252.8000000
MTSS,D,231216,000000,252.2000000,254.3500000,245.5000000,250.0000000
MTSS,D,261216,000000,248.9500000,251.8500000,246.7000000,248.9000000
MTSS,D,271216,000000,248.6500000,250.8000000,246.2000000,248.7000000
MTSS,D,281216,000000,248.6500000,250.5500000,246.6000000,250.0000000
MTSS,D,291216,000000,249.9500000,256.2500000,246.1500000,253.8000000
MTSS,D,301216,000000,254.1000000,259.3000000,253.1500000,259.0000000
MTSS,D,030117,000000,259.6000000,268.4000000,259.0000000,262.6500000
MTSS,D,040117,000000,262.0500000,263.1000000,257.0500000,259.3000000
MTSS,D,050117,000000,259.9500000,264.7500000,258.0000000,260.5000000
MTSS,D,060117,000000,259.6500000,262.7000000,254.0000000,257.0000000
MTSS,D,090117,000000,257.0500000,259.5500000,255.4500000,258.4000000
MTSS,D,100117,000000,258.4500000,261.3000000,253.6000000,255.7000000
MTSS,D,110117,000000,255.6000000,258.2000000,255.0000000,257.1000000
MTSS,D,120117,000000,259.0000000,260.0000000,251.6500000,257.9500000
MTSS,D,130117,000000,259.0500000,263.5500000,256.9500000,262.9500000
MTSS,D,160117,000000,262.8500000,264.9500000,259.2000000,263.3500000
MTSS,D,170117,000000,262.8000000,267.1000000,258.6500000,265.0000000
MTSS,D,180117,000000,264.0500000,265.9000000,261.5000000,263.6000000
MTSS,D,190117,000000,263.5500000,269.3000000,262.0000000,268.0000000
MTSS,D,200117,000000,270.2000000,275.1000000,268.1000000,272.9000000
MTSS,D,230117,000000,272.9000000,274.8000000,266.2000000,267.7000000
MTSS,D,240117,000000,268.1500000,269.8500000,265.1000000,265.7000000
MTSS,D,250117,000000,266.1000000,269.7000000,265.7000000,268.0000000
MTSS,D,260117,000000,268.1500000,279.0000000,268.1000000,277.5000000
MTSS,D,270117,000000,277.0000000,279.5500000,273.0500000,277.0500000
MTSS,D,300117,000000,277.5000000,278.9500000,273.9000000,276.3500000
MTSS,D,310117,000000,276.3500000,277.6500000,271.2000000,275.7000000
MTSS,D,010217,000000,276.3500000,280.6500000,272.8000000,279.0000000
MTSS,D,020217,000000,279.3500000,279.9000000,272.7000000,272.7000000
MTSS,D,030217,000000,274.5500000,277.5000000,272.8500000,274.3500000
MTSS,D,060217,000000,275.1000000,275.6000000,271.0000000,271.9000000
MTSS,D,070217,000000,272.3500000,277.9500000,271.4500000,275.9000000
MTSS,D,080217,000000,274.5000000,275.4500000,271.1000000,271.1000000
MTSS,D,090217,000000,272.4500000,273.7000000,269.1000000,272.2000000
MTSS,D,100217,000000,272.4000000,273.0000000,270.2000000,272.1000000
MTSS,D,130217,000000,272.3000000,273.9000000,268.0500000,270.7500000
MTSS,D,140217,000000,270.7500000,270.9500000,265.5500000,267.6000000
MTSS,D,150217,000000,266.4000000,280.6500000,263.5000000,273.4500000
MTSS,D,160217,000000,272.8000000,278.0000000,270.7000000,277.4500000
MTSS,D,170217,000000,277.4000000,279.0000000,272.4500000,277.5000000
MTSS,D,200217,000000,277.5000000,283.6500000,274.8500000,281.0000000
MTSS,D,210217,000000,281.0500000,282.5000000,278.2500000,278.5500000
MTSS,D,220217,000000,278.5500000,280.9000000,276.2500000,279.0000000
MTSS,D,240217,000000,278.6000000,279.8000000,276.4000000,277.0500000
MTSS,D,270217,000000,277.0500000,278.0000000,272.5000000,274.3500000
MTSS,D,280217,000000,274.5000000,277.0000000,271.5000000,275.5000000
MTSS,D,010317,000000,275.7500000,277.0000000,272.6000000,273.3000000
MTSS,D,020317,000000,273.7000000,278.0000000,273.7000000,275.0000000
MTSS,D,030317,000000,274.6500000,275.5000000,273.0000000,274.5500000
MTSS,D,060317,000000,274.5500000,278.0000000,273.0000000,273.0000000
MTSS,D,070317,000000,273.5000000,274.6000000,267.2500000,270.0000000
MTSS,D,090317,000000,268.1000000,270.0000000,256.0000000,257.0000000
MTSS,D,100317,000000,256.5000000,260.0000000,249.1500000,255.2000000
MTSS,D,130317,000000,255.6500000,272.0000000,250.5000000,271.8000000
MTSS,D,140317,000000,270.9000000,273.0000000,263.6000000,269.0000000
MTSS,D,150317,000000,268.9500000,271.5500000,259.4000000,260.1000000
MTSS,D,160317,000000,262.3500000,269.6000000,261.0000000,269.6000000
MTSS,D,170317,000000,268.8500000,272.3000000,264.5000000,268.1500000
MTSS,D,200317,000000,269.0500000,275.8500000,265.4500000,275.3500000
MTSS,D,210317,000000,275.8000000,284.7000000,273.1500000,283.7500000
MTSS,D,220317,000000,281.0500000,287.8000000,276.2500000,287.5000000
MTSS,D,230317,000000,287.9500000,293.5000000,282.1000000,290.0000000
MTSS,D,240317,000000,288.8000000,291.2500000,287.1500000,288.8500000
MTSS,D,270317,000000,288.0500000,288.6000000,280.0000000,283.0000000
MTSS,D,280317,000000,282.8500000,287.6500000,282.2500000,284.5000000
MTSS,D,290317,000000,286.0500000,287.4500000,284.7500000,285.0500000
MTSS,D,300317,000000,284.7500000,286.5000000,280.1000000,280.2500000
MTSS,D,310317,000000,279.4500000,279.5000000,272.6000000,272.6000000
MTSS,D,030417,000000,272.4000000,276.2000000,271.3000000,273.5500000
MTSS,D,040417,000000,273.5000000,281.8000000,270.6000000,279.1000000
MTSS,D,050417,000000,280.4000000,283.9000000,276.4000000,278.9500000
MTSS,D,060417,000000,277.5500000,285.9000000,276.6500000,284.5500000
MTSS,D,070417,000000,282.9000000,285.0000000,278.0000000,281.2500000
MTSS,D,100417,000000,281.2500000,281.2500000,273.4000000,273.5000000
MTSS,D,110417,000000,273.5000000,276.6500000,271.5000000,275.6000000
MTSS,D,120417,000000,277.4500000,279.8000000,271.2500000,275.0000000
MTSS,D,130417,000000,275.8000000,281.4000000,268.2500000,274.5000000
MTSS,D,140417,000000,274.5500000,276.9500000,270.1500000,270.8000000
MTSS,D,170417,000000,270.9000000,273.8000000,269.0000000,272.2500000
MTSS,D,180417,000000,273.5000000,275.1500000,268.6500000,269.1000000
MTSS,D,190417,000000,270.0500000,271.4000000,265.5000000,268.1000000
MTSS,D,200417,000000,266.2000000,267.0500000,263.0500000,265.9000000
MTSS,D,210417,000000,267.3000000,270.9000000,265.0000000,266.5500000
MTSS,D,240417,000000,269.8000000,274.3500000,268.0000000,274.3500000
MTSS,D,250417,000000,274.3500000,282.0000000,271.2500000,277.3000000
MTSS,D,260417,000000,278.0000000,278.5500000,273.3000000,277.6000000
MTSS,D,270417,000000,276.7500000,278.8000000,273.5500000,274.4000000
MTSS,D,280417,000000,275.8000000,280.0000000,272.2000000,273.8500000
MTSS,D,020517,000000,275.0000000,277.5000000,271.1500000,276.0000000
MTSS,D,030517,000000,271.0000000,272.0000000,246.0000000,247.3000000
MTSS,D,040517,000000,247.9500000,255.2000000,242.3000000,246.5000000
MTSS,D,050517,000000,244.7500000,256.8000000,243.5500000,256.0000000
MTSS,D,100517,000000,259.5500000,265.4000000,256.0000000,256.0000000
MTSS,D,110517,000000,257.0500000,261.1500000,250.9000000,253.1000000
MTSS,D,120517,000000,253.1000000,253.1000000,248.1000000,250.9000000
MTSS,D,150517,000000,250.0000000,252.9000000,241.1500000,246.5000000
MTSS,D,160517,000000,247.5000000,247.6500000,238.7500000,241.4500000
MTSS,D,170517,000000,240.9000000,245.3500000,239.6000000,243.7000000
MTSS,D,180517,000000,241.9500000,245.4000000,240.3500000,244.2500000
MTSS,D,190517,000000,244.5000000,245.3500000,241.0000000,242.4000000
MTSS,D,220517,000000,242.4500000,244.4000000,240.6500000,243.6000000
MTSS,D,230517,000000,242.9000000,248.8000000,242.4500000,246.4000000
MTSS,D,240517,000000,242.9500000,244.5000000,240.7000000,243.0500000
MTSS,D,250517,000000,243.5000000,244.5000000,241.5500000,242.0000000
MTSS,D,260517,000000,241.0500000,243.4000000,240.7500000,243.0500000
MTSS,D,290517,000000,243.0000000,243.9000000,241.7000000,243.0000000
MTSS,D,300517,000000,243.0500000,247.9000000,242.2500000,246.0500000
MTSS,D,310517,000000,246.2000000,248.7500000,236.5000000,236.5000000
MTSS,D,010617,000000,238.2000000,242.0000000,237.6000000,241.0500000
MTSS,D,020617,000000,241.2500000,249.8000000,238.0500000,248.8000000
MTSS,D,050617,000000,248.8500000,253.8500000,247.5000000,248.7000000
MTSS,D,060617,000000,250.1500000,253.0500000,246.2500000,248.0500000
MTSS,D,070617,000000,249.0500000,253.3000000,244.5500000,250.0000000
MTSS,D,080617,000000,249.9500000,251.9500000,246.5000000,249.0000000
MTSS,D,090617,000000,248.6500000,252.2500000,247.0000000,252.2500000
MTSS,D,130617,000000,251.6500000,253.5000000,248.8000000,249.6500000
MTSS,D,140617,000000,250.6000000,252.3500000,245.0000000,245.0000000
MTSS,D,150617,000000,243.6000000,245.9000000,235.1000000,240.7500000
MTSS,D,160617,000000,239.9500000,243.7500000,237.5000000,237.5000000
MTSS,D,190617,000000,238.8500000,243.0000000,238.5500000,239.4000000
MTSS,D,200617,000000,240.5000000,249.0000000,239.0000000,242.9500000
MTSS,D,210617,000000,242.8500000,243.3000000,239.5000000,240.3500000
MTSS,D,220617,000000,239.9000000,243.1500000,238.4500000,242.0000000
MTSS,D,230617,000000,242.3000000,246.5500000,240.0500000,244.3000000
MTSS,D,260617,000000,245.4500000,246.4500000,239.0500000,239.0500000
MTSS,D,270617,000000,229.0500000,235.4000000,226.7000000,232.0000000
MTSS,D,280617,000000,232.4500000,235.4000000,230.1500000,235.0500000
MTSS,D,290617,000000,235.1000000,237.0000000,233.5500000,234.0000000
MTSS,D,300617,000000,233.6500000,237.2500000,232.8500000,234.5000000
MTSS,D,030717,000000,235.8000000,237.5500000,234.0500000,237.0000000
MTSS,D,040717,000000,237.3000000,239.7000000,237.2500000,239.5000000
MTSS,D,050717,000000,239.3000000,240.1000000,237.5000000,237.5500000
MTSS,D,060717,000000,237.9500000,239.3500000,236.5500000,237.5500000
MTSS,D,070717,000000,224.7000000,226.1000000,224.0000000,224.0500000
MTSS,D,100717,000000,225.0000000,226.0000000,223.0500000,225.6000000
MTSS,D,110717,000000,225.9500000,228.7000000,223.6000000,227.9500000
MTSS,D,120717,000000,227.6000000,231.0000000,226.6000000,229.9500000
MTSS,D,130717,000000,230.3000000,233.4500000,230.3000000,233.4500000
MTSS,D,140717,000000,232.9500000,236.5000000,232.6000000,236.4000000
MTSS,D,170717,000000,236.4000000,237.0000000,233.6500000,234.8000000
MTSS,D,180717,000000,234.7500000,236.7500000,232.4000000,232.8000000
MTSS,D,190717,000000,232.1500000,233.1000000,230.1000000,231.0000000
MTSS,D,200717,000000,231.4000000,233.3500000,230.5500000,233.2500000
MTSS,D,210717,000000,233.0000000,234.4500000,230.1500000,230.5500000
MTSS,D,240717,000000,231.1500000,235.3000000,228.3500000,234.6000000
MTSS,D,250717,000000,233.7500000,237.3500000,230.5500000,236.4000000
MTSS,D,260717,000000,236.0000000,237.9500000,233.7000000,237.2500000
MTSS,D,270717,000000,237.0500000,238.5500000,235.5000000,237.8000000
MTSS,D,280717,000000,237.8000000,237.8000000,233.3500000,236.9500000
MTSS,D,310717,000000,236.9000000,238.0000000,233.6000000,236.2000000
MTSS,D,010817,000000,236.6500000,238.8500000,235.8000000,236.7000000
MTSS,D,020817,000000,236.3500000,240.6000000,236.1500000,240.1000000
MTSS,D,030817,000000,240.1500000,244.4500000,240.1500000,243.3000000
MTSS,D,040817,000000,243.5000000,244.5500000,240.0000000,241.0500000
MTSS,D,070817,000000,241.9000000,243.7000000,241.1000000,241.6000000
MTSS,D,080817,000000,241.5500000,243.7000000,241.0500000,243.5500000
MTSS,D,090817,000000,243.1500000,243.8500000,241.4000000,242.0000000
MTSS,D,100817,000000,242.3000000,242.9000000,240.1000000,240.6000000
MTSS,D,110817,000000,240.0500000,242.9000000,240.0000000,241.3000000
MTSS,D,140817,000000,242.5500000,244.4000000,241.4500000,243.8500000
MTSS,D,150817,000000,243.8500000,245.9500000,243.6000000,243.8000000
MTSS,D,160817,000000,244.2000000,245.4500000,242.5000000,243.8000000
MTSS,D,170817,000000,243.6500000,243.6500000,239.0500000,243.2500000
MTSS,D,180817,000000,242.6000000,244.0000000,241.8000000,244.0000000
MTSS,D,210817,000000,243.3500000,246.2500000,243.2500000,244.9500000
MTSS,D,220817,000000,245.1000000,246.2000000,244.1500000,245.2500000
MTSS,D,230817,000000,245.0500000,248.0000000,244.7000000,247.5500000
MTSS,D,240817,000000,247.9500000,252.5000000,247.3000000,252.0000000
MTSS,D,250817,000000,251.6500000,253.0000000,248.0000000,253.0000000
MTSS,D,280817,000000,251.5500000,253.7000000,250.0000000,252.0000000
MTSS,D,290817,000000,252.0000000,254.7000000,250.8500000,254.7000000
MTSS,D,300817,000000,254.8000000,260.2500000,254.2500000,257.7000000
MTSS,D,310817,000000,257.6500000,271.4500000,256.0000000,270.0000000
MTSS,D,010917,000000,270.3500000,271.6000000,263.2000000,264.9000000
MTSS,D,040917,000000,263.3000000,270.5000000,260.6500000,261.0500000
MTSS,D,050917,000000,261.2000000,270.0000000,261.2000000,264.2500000
MTSS,D,060917,000000,263.6500000,275.4500000,262.3000000,273.7000000
MTSS,D,070917,000000,274.3000000,279.0000000,274.2500000,275.4500000
MTSS,D,080917,000000,276.1500000,280.0000000,275.5000000,277.5500000
MTSS,D,110917,000000,278.8000000,284.8000000,277.5000000,283.5000000
MTSS,D,120917,000000,283.4500000,286.7500000,279.0000000,286.4000000
MTSS,D,130917,000000,286.8500000,289.3500000,285.1500000,285.9000000
MTSS,D,140917,000000,285.8500000,288.1500000,279.0500000,286.1500000
MTSS,D,150917,000000,286.5500000,288.9000000,284.6500000,288.0000000
MTSS,D,180917,000000,288.0500000,289.9500000,285.9500000,286.2000000
MTSS,D,190917,000000,284.8500000,293.6000000,282.0500000,292.4500000
MTSS,D,200917,000000,291.0500000,293.3000000,289.0500000,291.5000000
MTSS,D,210917,000000,291.8500000,294.4500000,288.0000000,288.0000000
MTSS,D,220917,000000,287.6000000,289.8000000,279.3000000,279.4500000
MTSS,D,250917,000000,279.2000000,282.9000000,272.2500000,277.5500000
MTSS,D,260917,000000,277.1000000,284.9500000,276.0000000,282.3500000
MTSS,D,270917,000000,283.4000000,287.5000000,282.5500000,283.8500000
MTSS,D,280917,000000,284.7000000,285.3500000,280.5500000,282.8500000
MTSS,D,290917,000000,282.9500000,283.0000000,277.1000000,282.0500000
MTSS,D,021017,000000,281.1000000,283.0000000,279.0000000,279.5000000
MTSS,D,031017,000000,278.9000000,281.8000000,277.3500000,279.7000000
MTSS,D,041017,000000,279.7500000,280.3500000,277.7000000,278.5000000
MTSS,D,051017,000000,278.3000000,280.0000000,276.4500000,278.6000000
MTSS,D,061017,000000,279.3500000,281.0000000,277.4000000,278.4500000
MTSS,D,091017,000000,279.8500000,283.6500000,279.1500000,282.8000000
MTSS,D,101017,000000,283.3000000,284.8000000,281.7000000,283.0000000
MTSS,D,111017,000000,282.6500000,291.9500000,282.3500000,291.9500000
MTSS,D,121017,000000,283.0500000,283.6500000,280.4500000,282.5000000
MTSS,D,131017,000000,282.5000000,284.7000000,281.7500000,283.7000000
MTSS,D,161017,000000,283.7000000,284.2500000,281.8000000,283.5000000
MTSS,D,171017,000000,283.4000000,285.7500000,282.3000000,282.3000000
MTSS,D,181017,000000,283.0500000,286.3000000,282.4500000,286.1000000
MTSS,D,191017,000000,285.3000000,287.4500000,281.5500000,281.5500000
MTSS,D,201017,000000,282.9500000,284.6000000,280.8500000,281.1500000
MTSS,D,231017,000000,281.7500000,282.6000000,277.2500000,280.7500000
MTSS,D,241017,000000,281.2000000,285.0000000,280.9500000,284.2000000
MTSS,D,251017,000000,285.1500000,287.7000000,284.1500000,284.1500000
MTSS,D,261017,000000,284.7500000,285.7500000,282.0000000,282.5500000
MTSS,D,271017,000000,284.5000000,285.5000000,281.5000000,283.4000000
MTSS,D,301017,000000,283.7500000,284.2000000,280.2000000,282.6000000
MTSS,D,311017,000000,283.6000000,285.6000000,280.9500000,281.5000000
MTSS,D,011117,000000,282.2500000,292.9000000,280.5500000,287.7500000
MTSS,D,021117,000000,287.1000000,288.0000000,279.0000000,281.6000000
MTSS,D,031117,000000,282.0000000,286.9000000,281.6500000,286.2000000
MTSS,D,071117,000000,287.0000000,292.0000000,285.0000000,291.8000000
MTSS,D,081117,000000,291.0000000,291.8000000,287.6000000,287.8000000
MTSS,D,091117,000000,289.8500000,289.8500000,281.7000000,288.5000000
MTSS,D,101117,000000,287.4000000,295.0000000,286.1500000,292.9500000
MTSS,D,131117,000000,292.7000000,296.4000000,290.8000000,295.9500000
MTSS,D,141117,000000,295.9500000,296.9500000,290.7500000,294.5000000
MTSS,D,151117,000000,294.7000000,296.4500000,281.9000000,284.2000000
MTSS,D,161117,000000,285.0500000,288.5000000,279.8000000,280.5500000
MTSS,D,171117,000000,281.0000000,284.7000000,280.6000000,283.0000000
MTSS,D,201117,000000,283.0000000,283.8500000,281.8000000,283.0000000
MTSS,D,211117,000000,283.4500000,285.7500000,283.2000000,284.3000000
MTSS,D,221117,000000,284.9000000,286.5000000,280.3000000,280.3000000
MTSS,D,231117,000000,280.6500000,283.1000000,280.3000000,283.1000000
MTSS,D,241117,000000,283.2000000,289.4500000,282.9000000,288.7000000
MTSS,D,271117,000000,288.7000000,289.0000000,285.1000000,285.9000000
MTSS,D,281117,000000,285.6500000,286.8000000,282.7000000,284.0000000
MTSS,D,291117,000000,284.1000000,285.9500000,281.0500000,282.0000000
MTSS,D,301117,000000,282.0000000,284.5500000,275.1000000,284.5500000
MTSS,D,011217,000000,281.8000000,283.9000000,276.0500000,277.4000000
MTSS,D,041217,000000,277.0500000,277.0500000,265.4500000,266.0000000
MTSS,D,051217,000000,265.0000000,267.9000000,261.2500000,264.0000000
MTSS,D,061217,000000,263.3000000,275.0000000,263.3000000,264.9000000
MTSS,D,071217,000000,266.0000000,270.4000000,247.7500000,248.0000000
MTSS,D,081217,000000,249.6000000,254.7000000,245.1000000,246.4000000
MTSS,D,111217,000000,247.4000000,253.0500000,246.0500000,252.9000000
MTSS,D,121217,000000,253.0500000,256.6500000,250.3500000,253.1500000
MTSS,D,131217,000000,246.8000000,253.1500000,245.8500000,250.8500000
MTSS,D,141217,000000,251.7500000,257.9500000,250.8000000,256.2000000
MTSS,D,151217,000000,257.0500000,267.4000000,254.9500000,266.0000000
MTSS,D,181217,000000,266.5000000,269.2000000,256.2000000,263.0000000
MTSS,D,191217,000000,263.3000000,264.6000000,258.0000000,262.1500000
MTSS,D,201217,000000,261.0000000,263.1000000,257.4500000,260.6000000
MTSS,D,211217,000000,261.1000000,269.3000000,258.6000000,269.0000000
MTSS,D,221217,000000,270.4500000,275.7000000,267.1000000,271.4000000
MTSS,D,251217,000000,282.0000000,292.1500000,278.6000000,285.5000000
MTSS,D,261217,000000,285.5500000,285.7500000,281.0000000,281.2500000
MTSS,D,271217,000000,281.2000000,282.5500000,278.5000000,280.5000000
MTSS,D,281217,000000,279.0000000,280.3000000,276.0000000,279.9000000
MTSS,D,291217,000000,278.5000000,278.8000000,274.4000000,276.0000000
MTSS,D,030118,000000,276.0000000,278.9000000,271.3000000,275.5000000
MTSS,D,040118,000000,277.4000000,282.8500000,273.4000000,282.1000000
MTSS,D,050118,000000,281.1000000,282.6000000,276.4500000,281.3500000
MTSS,D,090118,000000,281.9500000,287.5000000,281.6500000,283.0500000
MTSS,D,100118,000000,283.7000000,287.2500000,280.3500000,284.4500000
MTSS,D,110118,000000,284.0000000,293.4000000,283.4500000,293.0000000
MTSS,D,120118,000000,292.6000000,295.9000000,287.7000000,294.3000000
MTSS,D,150118,000000,293.7500000,297.5000000,290.9500000,294.7000000
MTSS,D,160118,000000,294.7000000,297.8500000,289.6500000,290.0000000
MTSS,D,170118,000000,289.0500000,290.0500000,285.2000000,287.0500000
MTSS,D,180118,000000,288.9000000,292.6500000,287.0000000,288.6000000
MTSS,D,190118,000000,290.3500000,292.9000000,287.9000000,292.2000000
MTSS,D,220118,000000,292.6000000,298.0000000,291.5000000,295.7000000
MTSS,D,230118,000000,296.9000000,303.8500000,295.0000000,301.9000000
MTSS,D,240118,000000,302.0500000,303.7000000,297.4000000,299.8500000
MTSS,D,250118,000000,300.2500000,306.5000000,297.3000000,305.3000000
MTSS,D,260118,000000,305.0000000,308.8500000,303.2500000,306.9000000
MTSS,D,290118,000000,306.9000000,308.5000000,301.8000000,303.8000000
MTSS,D,300118,000000,303.8000000,308.5000000,302.3000000,303.3500000
MTSS,D,310118,000000,303.4500000,311.5500000,301.0000000,309.0000000
MTSS,D,010218,000000,307.1500000,312.8500000,305.0000000,311.5000000
MTSS,D,020218,000000,310.0500000,311.1000000,302.3000000,304.4000000
MTSS,D,050218,000000,303.0000000,307.5000000,295.2500000,304.5500000
MTSS,D,060218,000000,298.6000000,307.0000000,296.0000000,302.7500000
MTSS,D,070218,000000,303.5500000,305.0000000,299.4500000,301.0000000
MTSS,D,080218,000000,300.1000000,302.0000000,295.7500000,295.7500000
MTSS,D,090218,000000,294.3000000,295.4500000,289.4000000,294.0000000
MTSS,D,120218,000000,294.7000000,301.8000000,291.0000000,301.0000000
MTSS,D,130218,000000,301.2500000,304.7000000,300.0000000,304.0000000
MTSS,D,140218,000000,304.4500000,304.6500000,298.1000000,300.8000000
MTSS,D,150218,000000,304.8500000,307.0000000,300.0000000,304.0000000
MTSS,D,160218,000000,304.3500000,310.0000000,304.0000000,306.1500000
MTSS,D,190218,000000,305.6500000,308.3000000,304.0000000,306.5000000
MTSS,D,200218,000000,306.9000000,308.0000000,305.3500000,307.4000000
MTSS,D,210218,000000,307.2000000,315.0000000,304.2500000,313.0000000
MTSS,D,220218,000000,312.2500000,314.8000000,311.0000000,311.0000000
MTSS,D,260218,000000,312.5500000,319.5000000,312.1500000,315.0000000
MTSS,D,270218,000000,315.0000000,319.0000000,313.4000000,316.1000000
MTSS,D,280218,000000,315.5000000,317.5000000,307.6000000,307.6000000
MTSS,D,010318,000000,309.5000000,312.5500000,306.8000000,310.6000000
MTSS,D,020318,000000,310.6000000,313.0000000,304.1000000,309.3000000
MTSS,D,050318,000000,309.9500000,316.0000000,309.2000000,315.0000000
MTSS,D,060318,000000,315.9500000,321.0000000,313.5000000,314.0000000
MTSS,D,070318,000000,313.2500000,313.9000000,309.4500000,313.2500000
MTSS,D,090318,000000,313.1000000,316.4000000,310.6500000,314.5000000
MTSS,D,120318,000000,315.5000000,318.6000000,309.8500000,313.5000000
MTSS,D,130318,000000,313.3000000,318.3500000,311.8500000,318.1500000
MTSS,D,140318,000000,316.8000000,317.9500000,313.0000000,313.0000000
MTSS,D,150318,000000,313.3500000,319.7500000,310.6000000,312.2500000
MTSS,D,160318,000000,312.2500000,316.8500000,311.0000000,316.8500000
MTSS,D,190318,000000,315.8500000,318.8000000,312.0000000,318.0000000
MTSS,D,200318,000000,317.9500000,318.0000000,307.4500000,308.1000000
MTSS,D,210318,000000,309.6000000,310.0000000,306.5000000,307.6500000
MTSS,D,220318,000000,307.9000000,309.7500000,299.6500000,300.1000000
MTSS,D,230318,000000,298.9000000,300.9500000,295.3500000,295.5000000
MTSS,D,260318,000000,296.3000000,296.3500000,290.8500000,292.8500000
MTSS,D,270318,000000,294.0000000,295.1500000,291.0000000,292.3000000
MTSS,D,280318,000000,291.7500000,295.0000000,288.2000000,295.0000000
MTSS,D,290318,000000,294.2500000,297.3000000,291.5500000,293.3000000
MTSS,D,300318,000000,294.0500000,297.7500000,293.6500000,294.1500000
MTSS,D,020418,000000,294.7000000,302.2500000,294.3000000,297.7500000
MTSS,D,030418,000000,298.0000000,298.6500000,294.5500000,295.8000000
MTSS,D,040418,000000,297.2500000,298.2000000,290.7000000,292.4000000
MTSS,D,050418,000000,293.3000000,296.0000000,291.7000000,294.1000000
MTSS,D,060418,000000,293.7000000,295.5500000,292.5000000,293.0000000
MTSS,D,090418,000000,293.0000000,293.0000000,265.5000000,272.5000000
MTSS,D,100418,000000,272.5000000,288.0000000,266.7000000,287.9000000
MTSS,D,110418,000000,281.0000000,293.0000000,277.0000000,279.0000000
MTSS,D,120418,000000,283.0500000,290.0000000,281.2000000,282.2500000
MTSS,D,130418,000000,283.5000000,286.5000000,277.5000000,279.0000000
MTSS,D,160418,000000,276.8500000,284.4000000,276.1500000,278.0000000
MTSS,D,170418,000000,281.0000000,285.5000000,280.4500000,283.2000000
MTSS,D,180418,000000,283.5500000,295.0000000,282.8000000,289.3000000
MTSS,D,190418,000000,290.5500000,294.3500000,287.0000000,289.5000000
MTSS,D,200418,000000,289.4500000,290.7500000,285.3500000,287.7500000
MTSS,D,230418,000000,288.0000000,292.0000000,286.0500000,287.1500000
MTSS,D,240418,000000,288.0000000,289.8000000,286.5000000,289.4000000
MTSS,D,250418,000000,287.2000000,290.4500000,286.2500000,289.1500000
MTSS,D,260418,000000,290.0000000,295.8000000,289.4000000,295.8000000
MTSS,D,270418,000000,295.8000000,297.8500000,292.5000000,295.1000000
MTSS,D,280418,000000,293.8500000,295.2000000,293.0000000,294.0500000
MTSS,D,300418,000000,294.6000000,297.0000000,291.4500000,296.4000000
MTSS,D,020518,000000,295.8000000,295.8000000,290.1000000,292.3000000
MTSS,D,030518,000000,291.2500000,293.0000000,290.0000000,290.5500000
MTSS,D,040518,000000,290.9000000,292.1500000,289.4000000,290.0000000
MTSS,D,070518,000000,290.2000000,292.6000000,289.8000000,291.4500000
MTSS,D,080518,000000,290.9000000,291.0000000,287.7000000,290.0000000
MTSS,D,100518,000000,289.6000000,292.6500000,288.1500000,289.8500000
MTSS,D,110518,000000,289.8500000,291.7500000,288.0500000,289.1500000
MTSS,D,140518,000000,289.5500000,291.8500000,288.5000000,290.0000000
MTSS,D,150518,000000,290.2500000,291.2500000,288.7000000,289.0000000
MTSS,D,160518,000000,289.5000000,290.6500000,288.3000000,289.0500000
MTSS,D,170518,000000,289.5500000,293.4500000,289.0500000,293.4500000
MTSS,D,180518,000000,292.8000000,294.4000000,291.2500000,293.4000000
MTSS,D,210518,000000,293.4000000,295.9500000,293.2000000,294.2500000
MTSS,D,220518,000000,294.9000000,297.3000000,293.1500000,297.3000000
MTSS,D,230518,000000,296.4500000,297.4500000,289.1000000,291.1000000
MTSS,D,240518,000000,290.5500000,292.1500000,284.1000000,286.5000000
MTSS,D,250518,000000,286.6000000,288.8000000,284.9500000,287.2000000
MTSS,D,280518,000000,286.9500000,288.7500000,286.3000000,287.1500000
MTSS,D,290518,000000,287.9000000,287.9000000,281.6000000,283.2000000
MTSS,D,300518,000000,283.1000000,286.5000000,280.5000000,283.8500000
MTSS,D,310518,000000,284.6500000,286.8500000,282.4000000,282.4000000
MTSS,D,010618,000000,282.3500000,284.8500000,282.1500000,283.1000000
MTSS,D,040618,000000,283.4000000,286.8000000,283.3000000,285.9500000
MTSS,D,050618,000000,286.0000000,290.4000000,285.0500000,285.9000000
MTSS,D,060618,000000,286.2500000,286.9000000,284.0000000,285.2000000
MTSS,D,070618,000000,285.6500000,287.9500000,285.0000000,286.0500000
MTSS,D,080618,000000,285.9000000,285.9500000,282.3500000,283.5500000
MTSS,D,090618,000000,284.0000000,285.5500000,284.0000000,284.9000000
MTSS,D,110618,000000,285.4000000,285.5500000,281.6000000,283.7000000
MTSS,D,130618,000000,283.1000000,283.7500000,281.7500000,282.7500000
MTSS,D,140618,000000,282.4500000,284.3500000,281.0500000,281.8500000
MTSS,D,150618,000000,281.7500000,283.8500000,278.2500000,282.8500000
MTSS,D,180618,000000,281.7500000,282.3000000,275.2000000,277.5000000
MTSS,D,190618,000000,276.9500000,279.7500000,274.2000000,276.5500000
MTSS,D,200618,000000,276.8000000,281.6000000,276.3000000,277.1000000
MTSS,D,210618,000000,277.2500000,279.7500000,271.2500000,272.9000000
MTSS,D,220618,000000,274.7500000,275.0500000,252.0000000,264.7500000
MTSS,D,250618,000000,265.9500000,269.8000000,264.1000000,264.9500000
MTSS,D,260618,000000,265.4500000,267.6500000,261.5500000,262.0000000
MTSS,D,270618,000000,263.0000000,267.0000000,262.3500000,266.7000000
MTSS,D,280618,000000,265.6500000,271.4000000,264.1500000,267.3500000
MTSS,D,290618,000000,270.9500000,282.3000000,270.1000000,278.1000000
MTSS,D,020718,000000,280.7500000,285.9000000,279.8000000,284.1000000
MTSS,D,030718,000000,284.1000000,286.5000000,281.0000000,281.1000000
MTSS,D,040718,000000,281.9000000,285.0000000,281.4500000,284.0000000
MTSS,D,050718,000000,284.4000000,288.0000000,283.5000000,288.0000000
MTSS,D,060718,000000,269.0500000,277.6500000,268.1000000,276.9500000
MTSS,D,090718,000000,278.0000000,279.7500000,275.3000000,278.8000000
MTSS,D,100718,000000,277.4500000,278.6500000,273.6500000,273.7500000
MTSS,D,110718,000000,273.6000000,275.5000000,269.0000000,272.9000000
MTSS,D,120718,000000,270.6500000,272.8500000,269.1000000,270.0000000
MTSS,D,130718,000000,271.5000000,273.2000000,269.1000000,269.1500000
MTSS,D,160718,000000,271.0500000,273.7000000,268.1000000,269.3500000
MTSS,D,170718,000000,269.0000000,271.3500000,266.0000000,270.4000000
MTSS,D,180718,000000,271.0000000,271.5500000,268.3000000,269.0000000
MTSS,D,190718,000000,269.0000000,269.6000000,265.2000000,268.3000000
MTSS,D,200718,000000,267.7500000,269.5500000,266.1500000,266.3000000
MTSS,D,230718,000000,267.0000000,267.7000000,260.0000000,262.0000000
MTSS,D,240718,000000,262.7500000,264.8500000,260.9000000,263.5500000
MTSS,D,250718,000000,261.3000000,263.4500000,260.6500000,262.8000000
MTSS,D,260718,000000,263.8000000,264.3500000,261.3000000,263.3000000
MTSS,D,270718,000000,263.6000000,266.9000000,261.9000000,263.9500000
MTSS,D,300718,000000,263.2000000,264.5000000,257.5000000,261.8500000
MTSS,D,310718,000000,262.0000000,264.7500000,260.2500000,263.8000000
MTSS,D,010818,000000,263.8000000,264.4000000,262.0000000,262.3000000
MTSS,D,020818,000000,263.1000000,263.7000000,258.5000000,261.3000000
MTSS,D,030818,000000,261.3000000,261.5000000,258.6000000,260.8000000
MTSS,D,060818,000000,261.0000000,263.9000000,260.0000000,261.9500000
MTSS,D,070818,000000,261.8500000,263.6500000,261.2000000,262.2000000
MTSS,D,080818,000000,260.8500000,261.2500000,255.6000000,257.5000000
MTSS,D,090818,000000,257.0500000,257.9000000,245.2500000,253.6000000
MTSS,D,100818,000000,253.8000000,258.5000000,250.1000000,253.7000000
MTSS,D,130818,000000,252.5000000,255.0000000,250.5000000,253.1000000
MTSS,D,140818,000000,253.7000000,256.6500000,248.8500000,251.0000000
MTSS,D,150818,000000,250.8000000,252.7500000,246.6500000,249.8500000
MTSS,D,160818,000000,249.6500000,252.0000000,248.5500000,248.8000000
MTSS,D,170818,000000,249.0500000,250.5000000,247.5000000,248.6500000
MTSS,D,200818,000000,248.9500000,252.0000000,248.4500000,249.1500000
MTSS,D,210818,000000,249.8500000,253.6500000,248.5000000,253.5000000
MTSS,D,220818,000000,253.6500000,254.8000000,252.0500000,253.6000000
MTSS,D,230818,000000,253.8000000,254.9500000,250.4500000,251.9500000
MTSS,D,240818,000000,252.3000000,252.7000000,248.0000000,251.5500000
MTSS,D,270818,000000,252.2000000,255.4000000,250.2500000,255.0000000
MTSS,D,280818,000000,255.2500000,259.5000000,254.5000000,258.9000000
MTSS,D,290818,000000,258.8500000,263.3000000,258.0500000,260.3500000
MTSS,D,300818,000000,260.9500000,262.5500000,257.5000000,259.1500000
MTSS,D,310818,000000,259.2500000,263.3000000,257.1500000,261.9500000
MTSS,D,030918,000000,261.3500000,263.9500000,261.1000000,263.4500000
MTSS,D,040918,000000,263.5500000,263.9500000,257.0500000,257.3000000
MTSS,D,050918,000000,257.2000000,258.8500000,254.7500000,257.9500000
MTSS,D,060918,000000,258.0500000,259.0000000,255.3000000,256.1000000
MTSS,D,070918,000000,256.5000000,257.3500000,254.5000000,256.0000000
MTSS,D,100918,000000,255.8000000,257.7500000,252.5000000,255.8500000
MTSS,D,110918,000000,255.9500000,256.5000000,250.8500000,252.5000000
MTSS,D,120918,000000,252.8000000,259.3000000,252.5500000,256.6000000
MTSS,D,130918,000000,258.0500000,267.0000000,258.0500000,264.5000000
MTSS,D,140918,000000,264.5500000,267.5000000,262.5500000,266.0000000
MTSS,D,170918,000000,266.8000000,277.8500000,265.4500000,276.6500000
MTSS,D,180918,000000,276.1000000,279.1500000,272.6000000,279.1500000
MTSS,D,190918,000000,278.4500000,278.7000000,271.6000000,275.5500000
MTSS,D,200918,000000,275.0000000,277.5000000,271.3000000,271.6500000
MTSS,D,210918,000000,271.6500000,276.6500000,270.5000000,276.6500000
MTSS,D,240918,000000,275.5500000,276.6000000,274.2000000,274.7500000
MTSS,D,250918,000000,275.4000000,275.7000000,272.7000000,274.0500000
MTSS,D,260918,000000,274.8500000,275.1000000,269.6000000,269.9000000
MTSS,D,270918,000000,270.0000000,275.7000000,269.2500000,273.1000000
MTSS,D,280918,000000,273.3000000,273.3500000,270.6000000,272.5000000
MTSS,D,011018,000000,272.9000000,275.7000000,271.2500000,274.7000000
MTSS,D,021018,000000,274.9500000,275.5000000,272.3500000,272.5500000
MTSS,D,031018,000000,274.1000000,279.5000000,273.1500000,276.3000000
MTSS,D,041018,000000,276.6000000,278.4500000,274.4500000,276.5000000
MTSS,D,051018,000000,276.0000000,277.2000000,272.5000000,275.1000000
MTSS,D,081018,000000,274.0500000,274.8000000,269.8500000,269.9000000
MTSS,D,091018,000000,270.5000000,271.6000000,264.0000000,264.0000000
MTSS,D,101018,000000,264.1000000,265.5500000,261.5000000,263.5000000
MTSS,D,111018,000000,260.8500000,264.3500000,259.0000000,262.4000000
MTSS,D,121018,000000,262.8000000,267.0000000,261.8000000,266.5000000
MTSS,D,151018,000000,266.0000000,270.5000000,263.1500000,269.6500000
MTSS,D,161018,000000,270.6000000,274.0000000,265.5500000,272.4000000
MTSS,D,171018,000000,272.9500000,273.8000000,270.2500000,271.0500000
MTSS,D,181018,000000,270.9000000,274.4000000,267.2500000,269.0000000
MTSS,D,191018,000000,269.3000000,273.5500000,268.4500000,270.4000000
MTSS,D,221018,000000,270.7000000,272.1000000,263.0000000,264.6000000
MTSS,D,231018,000000,263.7000000,264.5500000,258.5500000,262.2000000
MTSS,D,241018,000000,262.7500000,267.4000000,262.0000000,262.1500000
MTSS,D,251018,000000,262.0500000,262.9500000,257.5500000,261.5000000
MTSS,D,261018,000000,259.3000000,260.1500000,255.1000000,258.3000000
MTSS,D,291018,000000,257.5000000,259.5500000,255.5500000,258.9000000
MTSS,D,301018,000000,258.8000000,258.9500000,255.5500000,257.0000000
MTSS,D,311018,000000,257.7000000,260.4500000,256.5000000,257.6000000
MTSS,D,011118,000000,257.0500000,258.4500000,253.4500000,258.2500000
MTSS,D,021118,000000,258.5000000,265.2500000,257.7000000,262.2000000
MTSS,D,061118,000000,265.1000000,267.5000000,263.6500000,264.0000000
MTSS,D,071118,000000,264.2500000,270.9500000,262.0500000,270.9500000
MTSS,D,081118,000000,272.7000000,275.7000000,268.4500000,273.6000000
MTSS,D,091118,000000,272.5000000,272.9000000,265.8500000,269.3000000
MTSS,D,121118,000000,269.4500000,271.0000000,264.5000000,265.9500000
MTSS,D,131118,000000,264.9000000,269.5000000,264.9000000,268.3000000
MTSS,D,141118,000000,268.4500000,269.4500000,265.1000000,269.3000000
MTSS,D,151118,000000,269.5000000,274.5500000,267.0000000,271.5000000
MTSS,D,161118,000000,272.0500000,272.3500000,266.5500000,267.0000000
MTSS,D,191118,000000,266.9500000,270.0000000,263.6000000,266.3000000
MTSS,D,201118,000000,265.8000000,265.8500000,248.4000000,253.0000000
MTSS,D,211118,000000,251.7500000,257.4000000,250.0000000,252.4000000
MTSS,D,221118,000000,253.0000000,255.0000000,252.3000000,253.9500000
MTSS,D,231118,000000,253.6000000,253.7000000,248.1000000,248.9000000
MTSS,D,261118,000000,249.0000000,251.8000000,245.0500000,247.5000000
MTSS,D,271118,000000,248.0500000,250.8500000,247.1000000,249.0000000
MTSS,D,281118,000000,248.7000000,250.8500000,247.2500000,248.7000000
MTSS,D,291118,000000,249.4000000,254.3000000,248.2000000,252.7000000
MTSS,D,301118,000000,251.1500000,253.7500000,247.3500000,247.5500000
MTSS,D,031218,000000,249.0000000,252.9000000,247.8000000,248.7000000
MTSS,D,041218,000000,248.9000000,249.8000000,248.0000000,248.2000000
MTSS,D,051218,000000,248.1000000,249.0000000,245.4000000,248.2000000
MTSS,D,061218,000000,247.8500000,248.0500000,242.0000000,242.3000000
MTSS,D,071218,000000,242.8500000,244.3000000,234.2500000,237.0000000
MTSS,D,101218,000000,237.3500000,238.2000000,229.5000000,229.5000000
MTSS,D,111218,000000,229.4000000,231.7000000,223.5500000,224.0000000
MTSS,D,121218,000000,224.6000000,233.8500000,222.4000000,232.2500000
MTSS,D,131218,000000,233.2000000,236.4000000,228.7500000,232.6000000
MTSS,D,141218,000000,232.8000000,235.6500000,229.1000000,235.0000000
MTSS,D,171218,000000,233.1000000,235.4000000,231.7500000,235.0000000
MTSS,D,181218,000000,232.6500000,238.7500000,230.6000000,237.7000000
MTSS,D,191218,000000,235.9000000,240.9500000,234.2000000,240.1000000
MTSS,D,201218,000000,238.3500000,244.2000000,237.1500000,243.5000000
MTSS,D,211218,000000,242.5000000,244.7500000,239.7500000,244.7500000
MTSS,D,241218,000000,244.2500000,244.3000000,233.5000000,235.4500000
MTSS,D,251218,000000,232.8000000,233.3000000,226.4000000,232.5000000
MTSS,D,261218,000000,232.8500000,235.3500000,231.8000000,234.0000000
MTSS,D,271218,000000,236.4500000,237.0000000,231.8500000,233.3500000
MTSS,D,281218,000000,234.1000000,237.8500000,233.3000000,236.9000000
MTSS,D,291218,000000,236.3000000,238.7500000,235.5000000,238.0000000
MTSS,D,030119,000000,240.8500000,241.5000000,237.0000000,240.5000000
MTSS,D,040119,000000,240.4000000,248.6000000,239.5500000,248.6000000
MTSS,D,080119,000000,248.7500000,253.0000000,247.7000000,250.0500000
MTSS,D,090119,000000,252.7000000,253.3500000,249.1000000,252.0000000
MTSS,D,100119,000000,251.1500000,256.0000000,249.1500000,256.0000000
MTSS,D,110119,000000,255.0000000,255.4000000,251.8000000,252.8000000
MTSS,D,140119,000000,251.6000000,253.6500000,251.0500000,252.3500000
MTSS,D,150119,000000,252.6500000,254.7500000,251.5500000,252.4500000
MTSS,D,160119,000000,252.4500000,255.2000000,251.5000000,254.7500000
MTSS,D,170119,000000,255.5000000,256.3000000,253.9500000,255.2500000
MTSS,D,180119,000000,256.3000000,257.9000000,255.1500000,257.5000000
MTSS,D,210119,000000,257.9500000,260.0000000,256.7500000,260.0000000
MTSS,D,220119,000000,258.8000000,259.5000000,244.7000000,258.5500000
MTSS,D,230119,000000,258.5000000,264.6000000,257.7000000,264.4500000
MTSS,D,240119,000000,263.8000000,266.3000000,262.2000000,263.5000000
MTSS,D,250119,000000,264.7500000,264.7500000,260.0500000,261.0000000
MTSS,D,280119,000000,261.2000000,262.5000000,255.4500000,257.8000000
MTSS,D,290119,000000,257.8500000,261.8500000,256.3500000,259.5500000
MTSS,D,300119,000000,260.0000000,262.3000000,258.4500000,261.1000000
MTSS,D,310119,000000,262.0000000,263.7000000,260.0000000,260.7500000
MTSS,D,010219,000000,261.3000000,265.0000000,260.8000000,261.5500000
MTSS,D,040219,000000,262.3000000,264.7000000,261.8000000,263.2500000
MTSS,D,050219,000000,263.5000000,267.0000000,262.6500000,264.9500000
MTSS,D,060219,000000,265.1000000,265.9500000,261.9000000,263.1500000
MTSS,D,070219,000000,262.8000000,262.9500000,259.6500000,261.8000000
MTSS,D,080219,000000,260.2000000,262.8500000,247.5000000,255.0000000
MTSS,D,110219,000000,251.9500000,253.3500000,249.0000000,251.5500000
MTSS,D,120219,000000,252.0000000,258.2500000,251.3500000,255.3500000
MTSS,D,130219,000000,255.1000000,256.7500000,251.2000000,254.1000000
MTSS,D,140219,000000,252.4000000,257.4000000,251.7000000,257.2000000
MTSS,D,150219,000000,257.3000000,262.8000000,255.6500000,260.4500000
MTSS,D,180219,000000,260.4000000,261.0000000,253.0500000,253.9000000
MTSS,D,190219,000000,253.9000000,255.4500000,250.5000000,250.6000000
MTSS,D,200219,000000,251.6000000,254.6000000,250.2000000,251.0000000
MTSS,D,210219,000000,251.4000000,252.8000000,245.8500000,249.0000000
MTSS,D,220219,000000,249.5000000,251.4500000,247.3000000,249.0500000
MTSS,D,250219,000000,250.5000000,251.7000000,249.3000000,250.9000000
MTSS,D,260219,000000,250.1500000,253.3500000,248.7500000,252.5000000
MTSS,D,270219,000000,252.8000000,253.3000000,250.7500000,252.4000000
MTSS,D,280219,000000,252.3000000,253.8000000,250.6000000,253.0000000
MTSS,D,010319,000000,253.6000000,255.4000000,252.4500000,252.6000000
MTSS,D,040319,000000,253.0500000,256.1500000,252.7500000,255.9500000
MTSS,D,050319,000000,254.6500000,256.6500000,253.8000000,256.1500000
MTSS,D,060319,000000,256.6500000,258.8000000,256.1000000,257.5000000
MTSS,D,070319,000000,251.0000000,256.0000000,250.5000000,254.9000000
MTSS,D,110319,000000,254.1500000,256.9000000,252.6000000,256.6000000
MTSS,D,120319,000000,257.5000000,258.8500000,256.2500000,258.0000000
MTSS,D,130319,000000,257.9000000,260.4000000,257.1000000,260.2500000
MTSS,D,140319,000000,260.4500000,261.6500000,257.1500000,259.3000000
MTSS,D,150319,000000,260.3000000,261.6000000,259.6500000,260.0000000
MTSS,D,180319,000000,260.6500000,264.4000000,258.6000000,263.7500000
MTSS,D,190319,000000,263.0000000,266.5000000,260.3500000,261.9500000
MTSS,D,200319,000000,260.5000000,264.6000000,257.2500000,258.0000000
MTSS,D,210319,000000,258.9500000,272.1000000,256.6500000,268.0000000
MTSS,D,220319,000000,268.8000000,269.2500000,264.2000000,265.0000000
MTSS,D,250319,000000,262.9500000,266.7000000,260.7000000,262.0000000
MTSS,D,260319,000000,262.0000000,265.9500000,261.1500000,263.4500000
MTSS,D,270319,000000,263.5000000,264.2000000,257.0500000,257.7500000
MTSS,D,280319,000000,257.8000000,258.8500000,255.1000000,255.9500000
MTSS,D,290319,000000,255.6500000,257.3000000,251.5000000,252.4500000
MTSS,D,010419,000000,253.9000000,254.8500000,252.1500000,254.0000000
MTSS,D,020419,000000,255.0000000,258.8000000,254.8000000,258.0000000
MTSS,D,030419,000000,258.0000000,260.9500000,257.5000000,258.4000000
MTSS,D,040419,000000,259.1000000,262.5500000,258.5500000,262.2000000
MTSS,D,050419,000000,263.0000000,265.2500000,262.1000000,264.3000000
MTSS,D,080419,000000,264.3500000,264.9500000,260.0000000,260.8500000
MTSS,D,090419,000000,262.1500000,263.8000000,260.9000000,261.5000000
MTSS,D,100419,000000,261.0000000,262.0000000,258.2500000,259.4000000
MTSS,D,110419,000000,259.2500000,262.9500000,258.8000000,260.5000000
MTSS,D,120419,000000,262.0000000,263.9000000,258.7000000,259.0500000
MTSS,D,150419,000000,260.5000000,263.2500000,259.3000000,260.2000000
MTSS,D,160419,000000,260.9000000,262.0500000,255.8000000,257.4500000
MTSS,D,170419,000000,258.3500000,259.6000000,256.8500000,258.0500000
MTSS,D,180419,000000,258.0500000,259.8000000,256.5000000,259.0000000
MTSS,D,190419,000000,259.5000000,260.2500000,258.8500000,259.8500000
MTSS,D,220419,000000,260.1500000,261.9000000,259.3000000,261.2500000
MTSS,D,230419,000000,260.7000000,261.6500000,259.5000000,260.0000000
MTSS,D,240419,000000,260.0000000,261.0000000,258.3000000,258.8000000
MTSS,D,250419,000000,257.0500000,259.5000000,254.1000000,255.3500000
MTSS,D,260419,000000,255.1500000,257.4000000,254.5000000,257.0000000
MTSS,D,290419,000000,257.2000000,258.5000000,255.1500000,255.3000000
MTSS,D,300419,000000,255.2000000,256.3000000,254.3500000,254.9000000
MTSS,D,020519,000000,255.4000000,262.5000000,255.2000000,261.7500000
MTSS,D,030519,000000,261.7500000,263.3500000,261.2000000,262.9000000
MTSS,D,060519,000000,261.8000000,262.2500000,259.8000000,261.3500000
MTSS,D,070519,000000,261.6500000,263.3500000,258.5000000,258.6000000
MTSS,D,080519,000000,259.0500000,260.8000000,257.0000000,260.2500000
MTSS,D,100519,000000,258.9500000,259.7000000,254.5000000,255.4000000
MTSS,D,130519,000000,255.5000000,257.8500000,254.2500000,255.5500000
MTSS,D,140519,000000,255.5000000,257.3000000,253.7000000,255.4500000
MTSS,D,150519,000000,255.6000000,256.3000000,253.2000000,255.1000000
MTSS,D,160519,000000,255.1000000,256.5000000,253.8500000,254.5000000
MTSS,D,170519,000000,254.1500000,254.1500000,251.2000000,253.2500000
MTSS,D,200519,000000,253.2000000,254.9000000,251.3000000,253.1500000
MTSS,D,210519,000000,253.2500000,254.2000000,251.7500000,252.6500000
MTSS,D,220519,000000,252.6500000,254.5000000,251.9000000,253.8000000
MTSS,D,230519,000000,254.0000000,258.9500000,253.4000000,258.6500000
MTSS,D,240519,000000,260.0500000,261.9500000,256.2000000,256.7000000
MTSS,D,270519,000000,257.0000000,258.4000000,256.4000000,258.2000000
MTSS,D,280519,000000,258.3000000,259.3500000,255.0500000,255.0500000
MTSS,D,290519,000000,254.7500000,257.5500000,253.5000000,256.9000000
MTSS,D,300519,000000,256.8500000,258.3000000,255.7500000,258.2500000
MTSS,D,310519,000000,257.2000000,257.8500000,254.5500000,255.8000000
MTSS,D,030619,000000,255.9000000,258.8000000,254.4500000,258.8000000
MTSS,D,040619,000000,258.7000000,261.3500000,258.1500000,259.6500000
MTSS,D,050619,000000,259.6500000,261.3500000,258.2000000,259.2000000
MTSS,D,060619,000000,260.0000000,263.2000000,259.8000000,262.9500000
MTSS,D,070619,000000,262.6500000,264.0000000,261.8000000,263.1500000
MTSS,D,100619,000000,264.2000000,265.3500000,262.1500000,264.7500000
MTSS,D,110619,000000,264.4000000,272.7000000,264.1000000,269.9500000
MTSS,D,130619,000000,269.7500000,271.8500000,268.1500000,269.5500000
MTSS,D,140619,000000,269.7500000,271.7000000,269.0000000,270.1000000
MTSS,D,170619,000000,270.2000000,274.0000000,269.0500000,269.8500000
MTSS,D,180619,000000,269.6500000,274.4000000,268.7500000,274.2000000
MTSS,D,190619,000000,274.3000000,277.8500000,273.7500000,276.0000000
MTSS,D,200619,000000,276.7500000,279.8500000,276.7000000,278.0000000
MTSS,D,210619,000000,277.8000000,278.3000000,274.1500000,277.8500000
MTSS,D,240619,000000,278.5500000,279.9500000,277.8000000,279.6000000
MTSS,D,250619,000000,280.0500000,281.5000000,278.0500000,280.4000000
MTSS,D,260619,000000,280.7500000,287.0500000,279.9000000,287.0500000
MTSS,D,270619,000000,287.0000000,287.7500000,284.5000000,284.9500000
MTSS,D,280619,000000,285.3000000,288.8000000,284.3500000,284.9000000
MTSS,D,010719,000000,286.2500000,289.7000000,284.8000000,286.4500000
MTSS,D,020719,000000,286.4500000,288.3500000,280.5000000,281.4000000
MTSS,D,030719,000000,280.9500000,285.2000000,280.9500000,282.9500000
MTSS,D,040719,000000,284.3500000,285.0000000,281.8500000,282.8500000
MTSS,D,050719,000000,282.9500000,285.5000000,282.1500000,284.9500000
MTSS,D,080719,000000,267.6000000,270.3000000,267.0500000,268.6000000
MTSS,D,090719,000000,268.9500000,271.9000000,267.2500000,270.9500000
MTSS,D,100719,000000,271.8000000,271.8000000,267.8500000,269.0000000
MTSS,D,110719,000000,269.3500000,270.5000000,266.5000000,266.9000000
MTSS,D,120719,000000,266.9000000,268.9000000,265.0000000,268.5500000
MTSS,D,150719,000000,268.6000000,269.9500000,266.4000000,268.3000000
MTSS,D,160719,000000,268.2500000,268.7000000,266.5500000,266.8000000
MTSS,D,170719,000000,265.5000000,268.2500000,264.0000000,264.1000000
MTSS,D,180719,000000,264.0000000,265.4500000,261.0500000,261.8000000
MTSS,D,190719,000000,262.5500000,265.5500000,261.3000000,262.4000000
MTSS,D,220719,000000,263.1500000,264.1000000,261.0000000,262.7000000
MTSS,D,230719,000000,262.7500000,265.4500000,262.0000000,265.4500000
MTSS,D,240719,000000,264.5500000,267.0500000,264.0000000,265.5000000
MTSS,D,250719,000000,265.5000000,267.8500000,262.6000000,265.1000000
MTSS,D,260719,000000,265.5000000,266.0000000,262.8500000,266.0000000
MTSS,D,290719,000000,265.6000000,267.9000000,264.3000000,264.8000000
MTSS,D,300719,000000,265.0000000,269.5000000,264.3500000,267.2000000
MTSS,D,310719,000000,267.0500000,268.4500000,264.7000000,265.0000000
MTSS,D,010819,000000,263.8500000,265.7500000,262.9000000,263.8500000
MTSS,D,020819,000000,261.5500000,265.4500000,260.2000000,261.7500000
MTSS,D,050819,000000,261.0500000,262.7000000,257.0000000,257.8000000
MTSS,D,060819,000000,257.9500000,261.7500000,257.9500000,260.0000000
MTSS,D,070819,000000,260.4000000,260.6500000,258.3000000,259.3500000
MTSS,D,080819,000000,260.3500000,262.3000000,258.9500000,260.0000000
MTSS,D,090819,000000,259.9000000,260.4000000,258.4000000,258.7500000
MTSS,D,120819,000000,259.1500000,260.8000000,258.3000000,259.3000000
MTSS,D,130819,000000,258.8000000,260.3500000,257.7000000,258.2500000
MTSS,D,140819,000000,258.5000000,259.1000000,255.6500000,257.5000000
MTSS,D,150819,000000,257.5500000,258.6000000,255.3000000,256.5000000
MTSS,D,160819,000000,256.0500000,256.8000000,252.0000000,254.0000000
MTSS,D,190819,000000,255.0000000,257.1500000,253.8000000,256.0500000
MTSS,D,200819,000000,256.4000000,258.4500000,252.1000000,255.2500000
MTSS,D,210819,000000,255.5000000,256.5000000,254.2000000,256.2500000
MTSS,D,220819,000000,256.0500000,257.5000000,253.9500000,256.8500000
MTSS,D,230819,000000,256.8500000,257.8000000,255.0500000,256.3500000
MTSS,D,260819,000000,255.1500000,262.5000000,254.7000000,262.0000000
MTSS,D,270819,000000,262.5500000,267.4000000,260.8500000,261.0500000
MTSS,D,280819,000000,262.0000000,265.3000000,261.3000000,265.3000000
MTSS,D,290819,000000,264.8500000,266.5000000,263.6500000,264.6000000
MTSS,D,300819,000000,264.8000000,267.1000000,264.5500000,266.3500000
MTSS,D,020919,000000,266.4500000,268.5500000,264.7500000,266.7000000
MTSS,D,030919,000000,266.5000000,267.2000000,265.1000000,266.2000000
MTSS,D,040919,000000,267.4500000,273.4500000,267.1000000,273.4000000
MTSS,D,050919,000000,273.0000000,276.6000000,272.7500000,275.1000000
MTSS,D,060919,000000,274.9500000,275.2500000,271.5000000,272.3000000
MTSS,D,090919,000000,272.3000000,274.3000000,270.2000000,272.5500000
MTSS,D,100919,000000,272.2500000,272.5500000,267.6000000,269.0000000
MTSS,D,110919,000000,268.9500000,272.9000000,267.6500000,270.4000000
MTSS,D,120919,000000,270.4000000,271.4500000,267.0000000,267.4000000
MTSS,D,130919,000000,266.8000000,270.1000000,266.4500000,267.9500000
MTSS,D,160919,000000,268.4500000,269.9000000,265.6500000,269.3000000
MTSS,D,170919,000000,269.3000000,270.7500000,267.8000000,269.8500000
MTSS,D,180919,000000,270.0000000,272.3000000,269.5000000,271.0000000
MTSS,D,190919,000000,271.5000000,273.0500000,269.3500000,270.3000000
MTSS,D,200919,000000,270.2500000,273.0500000,268.3500000,273.0500000
MTSS,D,230919,000000,272.3000000,272.3500000,268.3500000,269.5000000
MTSS,D,240919,000000,269.5500000,270.5000000,265.8000000,266.1500000
MTSS,D,250919,000000,265.9000000,267.7000000,262.9000000,264.7000000
MTSS,D,260919,000000,265.9500000,267.0000000,265.3000000,266.0000000
MTSS,D,270919,000000,265.9500000,266.9500000,264.4500000,266.7000000
MTSS,D,300919,000000,266.7000000,268.8000000,264.5500000,265.0000000
MTSS,D,011019,000000,265.8500000,266.8000000,263.4000000,264.4500000
MTSS,D,021019,000000,264.6000000,265.2000000,262.1000000,262.3500000
MTSS,D,031019,000000,262.0000000,263.2500000,260.8000000,262.6500000
MTSS,D,041019,000000,263.2500000,264.0000000,261.7500000,263.4000000
MTSS,D,071019,000000,264.1500000,266.1000000,262.5500000,265.7000000
MTSS,D,081019,000000,265.1000000,265.4500000,260.5500000,260.9000000
MTSS,D,091019,000000,261.2500000,270.8500000,261.0500000,268.6500000
MTSS,D,101019,000000,269.8500000,272.7500000,268.6500000,272.7500000
MTSS,D,111019,000000,265.3500000,268.6000000,265.1000000,268.0000000
MTSS,D,141019,000000,267.8000000,268.7500000,265.0000000,265.5000000
MTSS,D,151019,000000,265.1000000,268.3000000,263.4500000,267.5000000
MTSS,D,161019,000000,267.1000000,268.2500000,267.1000000,267.7500000
MTSS,D,171019,000000,266.5000000,267.8000000,264.1500000,265.3500000
MTSS,D,181019,000000,265.9000000,269.5000000,264.9000000,269.1000000
MTSS,D,211019,000000,269.5000000,269.5000000,266.0000000,267.0000000
MTSS,D,221019,000000,267.5000000,271.2500000,266.6500000,270.3000000
MTSS,D,231019,000000,269.9000000,271.1500000,267.7500000,270.9500000
MTSS,D,241019,000000,271.0000000,281.3500000,270.3500000,275.2500000
MTSS,D,251019,000000,276.3500000,280.0000000,273.3000000,278.6500000
MTSS,D,281019,000000,278.8500000,286.6000000,277.9000000,285.7000000
MTSS,D,291019,000000,285.7000000,287.3000000,283.2500000,287.3000000
MTSS,D,301019,000000,286.5500000,288.9000000,284.9000000,287.7500000
MTSS,D,311019,000000,288.8500000,289.2500000,283.6000000,285.0000000
MTSS,D,011119,000000,285.0000000,287.8500000,284.9000000,286.3000000
MTSS,D,051119,000000,286.8000000,290.6000000,286.8000000,289.7500000
MTSS,D,061119,000000,289.4500000,291.9000000,287.7500000,291.8000000
MTSS,D,071119,000000,292.9000000,299.8000000,291.8000000,299.6000000
MTSS,D,081119,000000,299.0000000,303.3000000,297.0000000,300.3000000
MTSS,D,111119,000000,298.6000000,299.2500000,295.8500000,297.8000000
MTSS,D,121119,000000,299.0000000,303.9500000,298.5000000,299.5000000
MTSS,D,131119,000000,298.5000000,300.2000000,296.5000000,298.6000000
MTSS,D,141119,000000,299.5000000,301.0000000,297.3000000,297.3000000
MTSS,D,151119,000000,298.0000000,301.2500000,297.3500000,300.2000000
MTSS,D,181119,000000,300.9500000,302.0000000,295.2000000,297.4500000
MTSS,D,191119,000000,297.5000000,306.0000000,297.5000000,305.5000000
MTSS,D,201119,000000,304.6500000,308.7000000,303.9000000,306.1000000
MTSS,D,211119,000000,306.4000000,306.4000000,304.0000000,306.0000000
MTSS,D,221119,000000,307.1000000,308.6000000,304.9500000,305.1500000
MTSS,D,251119,000000,313.6000000,318.5500000,308.0000000,308.5000000
MTSS,D,261119,000000,309.1000000,310.4000000,304.5000000,304.5000000
MTSS,D,271119,000000,305.0000000,308.4500000,304.0000000,306.3500000
MTSS,D,281119,000000,306.0000000,306.7000000,304.0000000,306.7000000
MTSS,D,291119,000000,305.8500000,306.2500000,303.7000000,304.5000000
MTSS,D,021219,000000,304.4500000,307.5500000,304.4500000,305.8500000
MTSS,D,031219,000000,306.1500000,306.1500000,299.6000000,303.1000000
MTSS,D,041219,000000,302.2000000,305.5500000,300.4000000,303.6000000
MTSS,D,051219,000000,302.2500000,305.7000000,301.2500000,304.1000000
MTSS,D,061219,000000,303.8000000,303.9000000,300.8000000,300.8000000
MTSS,D,091219,000000,301.0000000,305.0000000,300.4000000,302.5000000
MTSS,D,101219,000000,302.6000000,304.3000000,301.2500000,302.4000000
MTSS,D,111219,000000,302.5500000,305.8500000,302.4000000,305.2000000
MTSS,D,121219,000000,306.2000000,308.9500000,305.0000000,305.1000000
MTSS,D,131219,000000,305.9500000,306.6000000,303.0500000,304.4000000
MTSS,D,161219,000000,305.2000000,309.7000000,304.7000000,306.8500000
MTSS,D,171219,000000,307.2500000,311.2000000,307.0000000,311.2000000
MTSS,D,181219,000000,310.8000000,316.4500000,310.0000000,313.8500000
MTSS,D,191219,000000,313.5500000,316.5000000,310.7000000,312.3000000
MTSS,D,201219,000000,312.9000000,313.7000000,310.3000000,313.7000000
MTSS,D,231219,000000,313.5500000,317.4000000,313.2500000,314.0500000
MTSS,D,241219,000000,313.2000000,315.9000000,312.5000000,314.0000000
MTSS,D,251219,000000,314.4500000,318.7000000,314.0000000,318.0500000
MTSS,D,261219,000000,318.3500000,320.4500000,317.8000000,319.7000000
MTSS,D,271219,000000,319.5000000,323.7500000,319.4500000,320.0000000
MTSS,D,301219,000000,320.9500000,323.6500000,319.0500000,319.9500000
MTSS,D,030120,000000,321.0000000,322.8500000,320.6500000,322.1000000
MTSS,D,060120,000000,322.7000000,323.4500000,321.3000000,323.4500000
MTSS,D,080120,000000,323.4000000,328.5000000,321.7000000,328.1500000
MTSS,D,090120,000000,318.3500000,324.4000000,315.6500000,324.3000000
MTSS,D,100120,000000,324.0500000,324.0500000,319.2500000,319.4000000
MTSS,D,130120,000000,319.4500000,320.5000000,316.6500000,319.4500000
MTSS,D,140120,000000,319.7500000,321.4000000,317.2000000,317.3000000
MTSS,D,150120,000000,317.1500000,319.5500000,315.4000000,318.6500000
MTSS,D,160120,000000,318.5000000,319.8000000,317.0000000,319.8000000
MTSS,D,170120,000000,320.0000000,322.0000000,317.7500000,321.1500000
MTSS,D,200120,000000,322.1500000,327.2000000,321.9500000,327.2000000
MTSS,D,210120,000000,326.0000000,330.5000000,323.6000000,328.7000000
MTSS,D,220120,000000,329.1500000,334.1500000,329.0000000,333.8000000
MTSS,D,230120,000000,332.9500000,334.9000000,326.0500000,329.9500000
MTSS,D,240120,000000,330.5000000,336.4500000,330.5000000,336.4500000
MTSS,D,270120,000000,335.2500000,336.0000000,325.1000000,326.7500000
MTSS,D,280120,000000,327.0000000,331.7000000,325.6500000,327.2500000
MTSS,D,290120,000000,327.9000000,328.7500000,326.2500000,328.5000000
MTSS,D,300120,000000,327.9500000,332.5000000,324.6000000,330.5000000
MTSS,D,310120,000000,331.1000000,333.5000000,326.0000000,326.4000000
MTSS,D,030220,000000,325.5000000,332.2000000,324.7000000,331.9500000
MTSS,D,040220,000000,331.9000000,336.1000000,330.5500000,332.9500000
MTSS,D,050220,000000,333.0500000,335.5000000,330.1000000,331.4000000
MTSS,D,060220,000000,333.2000000,334.5000000,329.4500000,331.0000000
MTSS,D,070220,000000,332.2000000,334.1500000,327.5500000,331.0000000
MTSS,D,100220,000000,331.0500000,332.8000000,326.8500000,330.7000000
MTSS,D,110220,000000,330.0000000,334.1500000,329.6000000,332.7000000
MTSS,D,120220,000000,333.0000000,340.4500000,331.0500000,339.0000000
MTSS,D,130220,000000,339.5500000,340.1500000,336.6500000,337.8000000
MTSS,D,140220,000000,338.2000000,341.0000000,338.0000000,340.5500000
MTSS,D,170220,000000,340.3500000,342.6000000,339.3000000,341.0000000
MTSS,D,180220,000000,340.7000000,342.3000000,337.3000000,341.4000000
MTSS,D,190220,000000,341.4000000,348.9000000,341.1000000,348.1000000
MTSS,D,200220,000000,349.4000000,352.4500000,346.9500000,347.5000000
MTSS,D,210220,000000,347.2000000,353.0500000,344.2500000,348.0000000
MTSS,D,250220,000000,345.8500000,348.0000000,337.5000000,337.5000000
MTSS,D,260220,000000,336.9000000,342.7000000,330.4000000,339.0000000
MTSS,D,270220,000000,336.7500000,338.8000000,326.0000000,329.0000000
MTSS,D,280220,000000,322.3000000,333.3000000,307.2500000,320.5000000
MTSS,D,020320,000000,329.1000000,332.6500000,314.1000000,327.2000000
MTSS,D,030320,000000,333.4000000,335.4000000,325.0500000,328.2500000
MTSS,D,040320,000000,325.1500000,328.8500000,319.2500000,328.7500000
MTSS,D,050320,000000,331.5500000,331.5500000,324.5000000,329.5500000
MTSS,D,060320,000000,326.4000000,328.0500000,311.8000000,318.8000000
MTSS,D,100320,000000,299.9500000,321.3500000,293.0000000,294.8000000
MTSS,D,110320,000000,299.5000000,301.2000000,283.1000000,293.3000000
MTSS,D,120320,000000,287.1000000,299.9000000,271.7000000,272.9500000
MTSS,D,130320,000000,275.2000000,293.5500000,266.0000000,269.0000000
MTSS,D,160320,000000,270.0000000,272.9000000,255.0000000,267.1000000
MTSS,D,170320,000000,263.2000000,272.0000000,256.2000000,268.4500000
MTSS,D,180320,000000,262.2500000,268.4000000,253.3500000,256.7500000
MTSS,D,190320,000000,259.0000000,266.9500000,250.5500000,265.5000000
MTSS,D,200320,000000,270.8000000,283.3000000,270.3500000,276.5000000
MTSS,D,230320,000000,269.7000000,276.5000000,261.0000000,262.1000000
MTSS,D,240320,000000,270.1000000,280.0000000,268.8500000,280.0000000
MTSS,D,250320,000000,281.4000000,287.8500000,269.5000000,278.3500000
MTSS,D,260320,000000,279.0000000,287.6500000,272.2500000,285.9500000
MTSS,D,270320,000000,288.5500000,293.0000000,281.3500000,290.0000000
MTSS,D,300320,000000,287.0000000,297.0000000,283.2500000,296.9500000
MTSS,D,310320,000000,297.2000000,300.6500000,291.0000000,299.1000000
MTSS,D,010420,000000,297.5500000,299.7500000,294.0000000,297.0000000
MTSS,D,020420,000000,298.4500000,302.8500000,295.8500000,299.3000000
MTSS,D,030420,000000,298.5000000,304.4000000,295.0000000,295.6000000
MTSS,D,060420,000000,299.7000000,310.5000000,297.3000000,308.8500000
MTSS,D,070420,000000,310.5500000,314.5500000,306.2000000,308.7000000
MTSS,D,080420,000000,307.8000000,313.8500000,306.1000000,313.8500000
MTSS,D,090420,000000,314.6500000,314.7000000,308.9500000,310.4500000
MTSS,D,100420,000000,311.1000000,311.3000000,306.0500000,310.9500000
MTSS,D,130420,000000,310.9000000,311.3500000,303.5500000,308.0000000
MTSS,D,140420,000000,308.5500000,311.8000000,307.8000000,310.9500000
MTSS,D,150420,000000,311.0000000,311.0000000,300.7500000,304.0000000
MTSS,D,160420,000000,304.9000000,309.8000000,299.2500000,303.4000000
MTSS,D,170420,000000,306.3500000,309.8500000,304.4000000,305.3500000
MTSS,D,200420,000000,304.8500000,309.2500000,303.5000000,306.0000000
MTSS,D,210420,000000,303.8500000,304.9500000,293.5000000,302.0000000
MTSS,D,220420,000000,300.5000000,312.5500000,299.4500000,309.7000000
MTSS,D,230420,000000,312.2000000,314.2500000,306.6500000,314.2500000
MTSS,D,240420,000000,313.6000000,314.1000000,306.1000000,306.8000000
MTSS,D,270420,000000,308.2000000,311.9500000,307.3000000,311.4000000
MTSS,D,280420,000000,310.5500000,319.6500000,308.7000000,313.5000000
MTSS,D,290420,000000,315.0500000,323.1500000,313.5000000,319.2000000
MTSS,D,300420,000000,321.2000000,323.9500000,317.3000000,319.6000000
MTSS,D,040520,000000,315.0500000,318.0500000,312.3500000,316.5500000
MTSS,D,050520,000000,318.1500000,321.0500000,317.3500000,320.4000000
MTSS,D,060520,000000,321.0000000,321.9000000,317.5500000,318.0000000
MTSS,D,070520,000000,318.3000000,322.4500000,318.0000000,320.3000000
MTSS,D,080520,000000,321.0000000,326.6000000,320.5000000,325.3000000
MTSS,D,120520,000000,324.6000000,325.8000000,320.3000000,323.6000000
MTSS,D,130520,000000,322.5000000,324.4000000,318.0500000,318.4500000
MTSS,D,140520,000000,317.4000000,320.7000000,315.0500000,315.1500000
MTSS,D,150520,000000,318.1500000,322.3500000,318.0500000,320.1500000
MTSS,D,180520,000000,321.2000000,326.3000000,320.3000000,325.5000000
MTSS,D,190520,000000,326.3500000,328.8500000,324.0000000,327.2500000
MTSS,D,200520,000000,327.7500000,339.8500000,327.0000000,332.5500000
MTSS,D,210520,000000,333.0000000,337.9500000,328.3000000,328.7000000
MTSS,D,220520,000000,327.8500000,330.9500000,325.1000000,327.1000000
MTSS,D,250520,000000,327.2500000,332.3500000,326.8500000,332.2000000
MTSS,D,260520,000000,333.9000000,339.0000000,331.5500000,331.9000000
MTSS,D,270520,000000,331.4000000,337.7000000,326.3000000,326.5000000
MTSS,D,280520,000000,327.7000000,329.8500000,321.7000000,324.0500000
MTSS,D,290520,000000,323.1500000,324.8500000,318.0000000,320.0000000
MTSS,D,010620,000000,322.9500000,323.5500000,316.8500000,319.6000000
MTSS,D,020620,000000,320.9500000,327.6000000,320.5500000,326.7000000
MTSS,D,030620,000000,327.4000000,333.5000000,326.7500000,329.7000000
MTSS,D,040620,000000,329.5500000,330.6000000,321.1500000,323.5000000
MTSS,D,050620,000000,323.9000000,328.5500000,321.7000000,326.2500000
MTSS,D,080620,000000,326.9000000,331.4500000,324.0500000,325.5000000
MTSS,D,090620,000000,326.8500000,330.3500000,324.6500000,329.1500000
MTSS,D,100620,000000,329.1500000,331.2000000,324.8000000,326.8500000
MTSS,D,110620,000000,326.3500000,326.4500000,322.0500000,322.8000000
MTSS,D,150620,000000,321.4500000,325.2000000,317.5000000,323.8000000
MTSS,D,160620,000000,325.7000000,328.5000000,325.6500000,328.0000000
MTSS,D,170620,000000,327.8500000,328.9000000,323.3500000,325.7500000
MTSS,D,180620,000000,325.1000000,327.5500000,323.5500000,326.0500000
MTSS,D,190620,000000,326.3500000,330.0000000,326.3500000,327.3500000
MTSS,D,220620,000000,327.3500000,327.6500000,322.7000000,325.0000000
MTSS,D,230620,000000,325.5500000,326.3000000,323.4000000,324.7000000
MTSS,D,250620,000000,323.6500000,327.1000000,321.6500000,325.4500000
MTSS,D,260620,000000,325.9500000,326.9500000,323.6000000,324.3000000
MTSS,D,290620,000000,324.8500000,326.6500000,324.5000000,325.9500000
MTSS,D,300620,000000,326.1000000,333.0000000,325.5000000,330.4500000
MTSS,D,020720,000000,331.3500000,334.0000000,329.5000000,330.8500000
MTSS,D,030720,000000,330.8500000,335.0000000,330.4500000,334.6000000
MTSS,D,060720,000000,335.8500000,339.6000000,335.3000000,338.1000000
MTSS,D,070720,000000,338.1000000,338.3000000,314.0000000,336.6000000
MTSS,D,080720,000000,320.8000000,323.2000000,317.8500000,321.1000000
MTSS,D,090720,000000,321.2000000,322.0000000,314.0000000,315.0000000
MTSS,D,100720,000000,315.1000000,317.7000000,312.5000000,314.9500000
MTSS,D,130720,000000,316.0500000,318.8000000,315.3000000,315.7000000
MTSS,D,140720,000000,316.0500000,317.7000000,313.1500000,317.0000000
MTSS,D,150720,000000,317.5500000,319.9500000,316.1000000,319.7000000
MTSS,D,160720,000000,319.5500000,322.1000000,317.3500000,321.0000000
MTSS,D,170720,000000,320.4500000,322.1500000,319.8000000,321.5500000
MTSS,D,200720,000000,321.3000000,322.9000000,320.2000000,322.7500000
MTSS,D,210720,000000,322.8500000,325.8500000,321.5000000,322.2000000
MTSS,D,220720,000000,322.5000000,324.5000000,322.0500000,323.8500000
MTSS,D,230720,000000,324.3000000,325.2000000,321.2500000,321.9500000
MTSS,D,240720,000000,321.7500000,323.5500000,319.2000000,321.0000000
MTSS,D,270720,000000,321.7500000,323.7000000,321.0000000,323.2500000
MTSS,D,280720,000000,323.2500000,326.9500000,323.0000000,326.7000000
MTSS,D,290720,000000,326.7000000,330.3000000,325.7500000,329.8000000
MTSS,D,300720,000000,328.9000000,328.9500000,324.3500000,325.6000000
MTSS,D,310720,000000,326.4000000,328.4000000,325.6000000,327.5500000
MTSS,D,030820,000000,327.9000000,334.9500000,326.5500000,333.3000000
MTSS,D,040820,000000,333.4000000,336.0000000,330.7000000,335.7000000
MTSS,D,050820,000000,335.3500000,337.9000000,333.2500000,333.9500000
MTSS,D,060820,000000,334.7000000,335.3000000,329.6500000,332.7500000
MTSS,D,070820,000000,332.2500000,334.0500000,328.9000000,329.7500000
MTSS,D,100820,000000,330.6000000,332.3000000,327.9000000,329.1500000
MTSS,D,110820,000000,329.2500000,331.6500000,328.2000000,329.5500000
MTSS,D,120820,000000,329.7000000,338.2500000,329.5000000,337.5000000
MTSS,D,130820,000000,336.8000000,339.1000000,335.4000000,337.9000000
MTSS,D,140820,000000,339.1000000,342.1000000,335.8000000,340.2000000
MTSS,D,170820,000000,340.7000000,344.5500000,339.1500000,341.9500000
MTSS,D,180820,000000,342.3000000,343.6500000,340.2000000,341.9000000
MTSS,D,190820,000000,342.0000000,346.4000000,340.2000000,342.0000000
MTSS,D,200820,000000,341.4000000,344.2500000,338.2500000,341.9000000
MTSS,D,210820,000000,342.8500000,342.8500000,336.6000000,341.5000000
MTSS,D,240820,000000,342.1500000,346.0000000,341.3000000,344.2500000
MTSS,D,250820,000000,344.4000000,345.8500000,342.4500000,344.7500000
MTSS,D,260820,000000,344.6500000,346.7500000,341.4000000,346.6500000
MTSS,D,270820,000000,346.9500000,349.7000000,345.8500000,348.7000000
MTSS,D,280820,000000,349.0000000,349.1000000,341.1000000,341.7500000
MTSS,D,310820,000000,342.7000000,343.9500000,334.1000000,335.9000000
MTSS,D,010920,000000,337.4000000,341.3000000,331.6000000,339.5000000
MTSS,D,020920,000000,339.9000000,342.9000000,333.5500000,335.8000000
MTSS,D,030920,000000,337.0500000,339.3000000,332.7000000,335.4000000
MTSS,D,040920,000000,336.0000000,338.2500000,332.2000000,336.0000000
MTSS,D,070920,000000,335.6000000,337.0000000,331.0500000,335.8000000
MTSS,D,080920,000000,336.9500000,336.9500000,328.2000000,332.3500000
MTSS,D,090920,000000,331.7000000,336.6500000,330.0500000,336.1000000
MTSS,D,100920,000000,335.9500000,337.4500000,331.3500000,332.2000000
MTSS,D,110920,000000,332.9500000,333.7500000,330.2500000,331.7000000
MTSS,D,140920,000000,332.6000000,333.9000000,331.6000000,333.7000000
MTSS,D,150920,000000,333.7500000,337.5000000,333.5000000,336.9500000
MTSS,D,160920,000000,337.2000000,339.7000000,336.5000000,338.7500000
MTSS,D,170920,000000,337.4000000,340.4000000,337.1000000,339.7500000
MTSS,D,180920,000000,340.0000000,341.5000000,337.0000000,337.4500000
MTSS,D,210920,000000,337.8000000,338.0000000,334.3500000,337.8000000
MTSS,D,220920,000000,337.0500000,341.9500000,335.8000000,339.4500000
MTSS,D,230920,000000,340.7500000,344.5000000,339.0000000,339.3500000
MTSS,D,240920,000000,340.1000000,340.3500000,336.3500000,337.2000000
MTSS,D,250920,000000,337.5000000,340.8500000,334.6000000,340.2000000
MTSS,D,280920,000000,339.9500000,345.2000000,339.8500000,344.4000000
MTSS,D,290920,000000,344.9500000,346.2000000,338.1500000,339.1000000
MTSS,D,300920,000000,339.1000000,341.0000000,337.7000000,338.7000000
MTSS,D,011020,000000,340.2500000,340.8000000,336.4000000,338.3000000
MTSS,D,021020,000000,337.9000000,341.0000000,337.4500000,340.4500000
MTSS,D,051020,000000,340.0000000,344.3000000,339.9000000,343.2500000
MTSS,D,061020,000000,343.5500000,344.9500000,339.4000000,340.2000000
MTSS,D,071020,000000,341.4000000,341.7500000,329.3500000,332.0000000
MTSS,D,081020,000000,333.1500000,336.7000000,332.0500000,335.1500000
MTSS,D,091020,000000,328.7500000,331.1500000,327.5000000,329.0000000
MTSS,D,121020,000000,330.0000000,333.3000000,329.5500000,330.8000000
MTSS,D,131020,000000,331.3500000,332.9000000,329.4000000,330.6000000
MTSS,D,141020,000000,331.0000000,332.7500000,329.2000000,332.6000000
MTSS,D,151020,000000,331.5000000,333.5500000,320.1000000,321.7500000
MTSS,D,161020,000000,322.1500000,324.2000000,313.7000000,321.7500000
MTSS,D,191020,000000,322.5000000,323.7500000,315.2000000,316.2000000
MTSS,D,201020,000000,316.3000000,322.4000000,316.1000000,320.8000000
MTSS,D,211020,000000,321.8500000,321.8500000,316.6500000,321.1500000
MTSS,D,221020,000000,320.9500000,322.8000000,318.0000000,320.4500000
MTSS,D,231020,000000,320.8000000,321.3500000,317.2000000,318.4000000
MTSS,D,261020,000000,318.3500000,319.9500000,316.3000000,317.2500000
MTSS,D,271020,000000,317.7500000,319.3500000,315.9000000,316.2000000
MTSS,D,281020,000000,316.6000000,316.7500000,310.1000000,313.1500000
MTSS,D,291020,000000,313.7000000,315.9500000,308.2000000,313.1000000
MTSS,D,301020,000000,311.3500000,312.3500000,308.6000000,311.6000000
MTSS,D,021120,000000,311.7500000,317.0000000,308.2000000,315.9500000
MTSS,D,031120,000000,316.6000000,320.2000000,316.6000000,319.2500000
MTSS,D,051120,000000,321.8000000,324.0000000,317.0000000,323.4000000
MTSS,D,061120,000000,322.8500000,324.2000000,320.6500000,323.6500000
MTSS,D,091120,000000,324.1500000,328.3000000,323.6000000,324.7000000
MTSS,D,101120,000000,325.8000000,326.0000000,320.5500000,322.6000000
MTSS,D,111120,000000,322.9500000,324.3000000,320.6500000,322.1500000
MTSS,D,121120,000000,321.4500000,322.5000000,318.3000000,318.9500000
MTSS,D,131120,000000,319.8500000,321.9500000,316.6500000,321.7000000
MTSS,D,161120,000000,322.2000000,323.6000000,320.3500000,323.1500000
MTSS,D,171120,000000,322.8500000,325.9000000,319.2500000,324.7000000
MTSS,D,181120,000000,324.7000000,324.7000000,319.2000000,321.6000000
MTSS,D,191120,000000,321.8500000,323.1000000,318.5000000,319.4500000
MTSS,D,201120,000000,319.7500000,319.8000000,316.2500000,317.7000000
MTSS,D,231120,000000,318.2500000,320.1000000,317.6000000,319.5500000
MTSS,D,241120,000000,319.7000000,321.1000000,314.1000000,314.8500000
MTSS,D,251120,000000,316.2500000,319.4000000,313.5000000,319.0500000
MTSS,D,261120,000000,318.6500000,319.7000000,317.4000000,318.8000000
MTSS,D,271120,000000,318.1500000,321.9500000,316.8000000,321.0000000
MTSS,D,301120,000000,320.2000000,322.8500000,318.3000000,321.6500000
MTSS,D,011220,000000,321.8000000,325.4000000,321.2500000,322.8500000
MTSS,D,021220,000000,323.4000000,323.8500000,320.1000000,321.0000000
MTSS,D,031220,000000,321.2000000,322.4000000,317.1000000,317.5500000
MTSS,D,041220,000000,318.8000000,320.0000000,316.2000000,316.8500000
MTSS,D,071220,000000,317.5000000,320.1000000,317.1000000,317.5500000
MTSS,D,081220,000000,317.8500000,319.3000000,316.5000000,318.0500000
MTSS,D,091220,000000,318.1000000,324.2000000,317.6500000,320.8000000
MTSS,D,101220,000000,321.1500000,324.7500000,320.5500000,324.0000000
MTSS,D,111220,000000,324.4000000,327.2000000,318.2500000,318.6500000
MTSS,D,141220,000000,320.1000000,322.3000000,318.0000000,318.9500000
MTSS,D,151220,000000,319.2000000,320.9500000,318.2000000,320.7000000
MTSS,D,161220,000000,320.5500000,323.0000000,319.5000000,321.4000000
MTSS,D,171220,000000,322.0500000,326.8000000,321.3000000,325.9000000
MTSS,D,181220,000000,325.0000000,329.0000000,322.2500000,328.0500000
MTSS,D,211220,000000,327.8000000,329.4500000,321.5000000,325.3000000
MTSS,D,221220,000000,324.9500000,327.8000000,323.5500000,326.8500000
MTSS,D,231220,000000,326.9000000,328.2000000,325.5000000,326.7500000
MTSS,D,241220,000000,327.1500000,327.8000000,326.1000000,326.4500000
MTSS,D,251220,000000,326.8500000,329.7000000,325.1000000,327.9000000
MTSS,D,281220,000000,328.4000000,329.7500000,327.1500000,327.6500000
MTSS,D,291220,000000,328.0000000,331.7000000,327.9000000,330.2500000
MTSS,D,301220,000000,331.5000000,332.0500000,326.1000000,331.2000000
MTSS,D,040121,000000,331.9000000,336.2000000,331.9000000,334.9000000
MTSS,D,050121,000000,333.8500000,338.8500000,332.6000000,337.8000000
MTSS,D,060121,000000,337.9000000,337.9000000,330.7000000,334.0500000
MTSS,D,080121,000000,334.9000000,339.8000000,334.8000000,339.4000000
MTSS,D,110121,000000,337.6500000,340.1000000,335.5000000,337.5500000
MTSS,D,120121,000000,337.0500000,339.4000000,332.7000000,334.2000000
MTSS,D,130121,000000,334.7000000,335.4000000,330.0000000,331.9000000
MTSS,D,140121,000000,332.2500000,338.4000000,330.4000000,337.3500000
MTSS,D,150121,000000,335.3000000,337.4500000,332.7500000,332.8500000
MTSS,D,180121,000000,333.6500000,334.2000000,331.0500000,333.0000000
MTSS,D,190121,000000,333.4500000,334.2500000,330.0000000,331.1000000
MTSS,D,200121,000000,331.0000000,333.2000000,330.6500000,332.2000000
MTSS,D,210121,000000,332.2000000,333.7500000,327.7000000,329.3000000
MTSS,D,220121,000000,328.6000000,330.8500000,325.0000000,329.9000000
MTSS,D,250121,000000,330.4500000,335.1500000,329.4500000,333.8000000
MTSS,D,260121,000000,334.6500000,336.9500000,332.4500000,336.3000000
MTSS,D,270121,000000,336.7500000,337.3500000,333.0000000,334.5000000
MTSS,D,280121,000000,334.9500000,337.2000000,332.7500000,333.6000000
MTSS,D,290121,000000,333.6000000,333.8500000,328.8000000,328.8500000
MTSS,D,010221,000000,330.0000000,331.8500000,326.8500000,330.7500000
MTSS,D,020221,000000,331.2000000,333.3500000,330.2000000,331.9500000
MTSS,D,030221,000000,332.7000000,335.3000000,330.9000000,335.0500000
MTSS,D,040221,000000,335.1000000,335.8500000,331.2000000,333.5500000
MTSS,D,050221,000000,332.8000000,338.1000000,331.6000000,336.0000000
MTSS,D,080221,000000,336.3000000,336.5000000,332.0000000,333.7500000
MTSS,D,090221,000000,333.5500000,333.9000000,331.5500000,333.3000000
MTSS,D,100221,000000,333.3500000,334.1500000,329.5000000,330.4000000
MTSS,D,110221,000000,330.9500000,331.1500000,326.1500000,328.4500000
MTSS,D,120221,000000,328.1000000,329.0500000,323.0000000,327.1000000
MTSS,D,150221,000000,327.7000000,330.8000000,327.5000000,330.1500000
MTSS,D,160221,000000,330.1500000,331.4000000,327.5000000,327.9000000
MTSS,D,170221,000000,327.8500000,329.4500000,322.7500000,323.1000000
MTSS,D,180221,000000,324.1000000,324.4500000,320.0500000,320.7000000
MTSS,D,190221,000000,320.8000000,323.6000000,319.0500000,322.4000000
MTSS,D,200221,000000,322.4500000,323.7000000,320.7000000,323.2000000
MTSS,D,220221,000000,323.4500000,323.9000000,319.8000000,320.2000000
MTSS,D,240221,000000,320.0500000,320.2000000,313.9000000,315.6500000
MTSS,D,250221,000000,316.6000000,317.9500000,313.9000000,314.8000000
MTSS,D,260221,000000,313.5000000,316.6000000,311.8000000,313.0500000
MTSS,D,010321,000000,314.7500000,317.1000000,313.3000000,316.7000000
MTSS,D,020321,000000,316.4500000,319.4000000,315.1500000,318.9000000
MTSS,D,030321,000000,318.9500000,321.6500000,315.6000000,315.8000000
MTSS,D,040321,000000,316.9500000,326.0000000,314.3000000,319.0000000
MTSS,D,050321,000000,320.8000000,322.7500000,317.4000000,318.6000000
MTSS,D,090321,000000,315.9500000,317.7500000,313.0500000,313.9000000
MTSS,D,100321,000000,314.6000000,317.7000000,313.2500000,315.3000000
MTSS,D,110321,000000,316.0000000,320.3000000,315.9500000,319.5000000
MTSS,D,120321,000000,319.2500000,323.1500000,318.7000000,320.7000000
MTSS,D,150321,000000,321.9000000,323.7500000,319.7000000,321.5000000
MTSS,D,160321,000000,321.8000000,322.7500000,317.7500000,318.2500000
MTSS,D,170321,000000,318.9000000,320.0000000,315.5000000,317.9000000
MTSS,D,180321,000000,318.1000000,319.3000000,315.1000000,316.2500000
MTSS,D,190321,000000,317.5000000,319.8500000,315.6500000,317.4000000
MTSS,D,220321,000000,318.1000000,320.0500000,316.7500000,319.3500000
MTSS,D,230321,000000,318.9000000,319.0000000,315.0500000,315.9000000
MTSS,D,240321,000000,316.4000000,316.8500000,314.2500000,315.2000000
MTSS,D,250321,000000,315.4500000,316.6500000,313.6000000,314.5500000
MTSS,D,260321,000000,315.4500000,315.4500000,313.4500000,315.0500000
